8.430434782608695610e-01 2.198836272705444905e+00
1.495217391304347831e+00 3.224161019046456467e+00
1.638695652173913109e+00 4.317678865067859917e+00
1.886521739130434749e+00 5.327206790497397648e+00
2.029999999999999805e+00 6.327298173877661469e+00
2.290869565217391379e+00 7.376877442880170221e+00
2.473478260869565126e+00 8.441615101691844814e+00
2.551739130434782510e+00 9.543592671594382182e+00
2.643043478260869605e+00 1.059675460183639828e+01
2.721304347826086989e+00 1.184802340283292921e+01
2.838695652173913064e+00 1.289129846314810379e+01
2.930000000000000160e+00 1.396853628048654805e+01
3.047391304347826235e+00 1.505555000448079106e+01
3.099565217391304195e+00 1.606703465494762284e+01
3.203913043478261002e+00 1.711420932064208600e+01
3.321304347826087078e+00 1.812088134969282294e+01
3.464782608695652133e+00 1.934218974322882900e+01
3.529999999999999805e+00 2.060387418060771836e+01
3.647391304347825880e+00 2.173398122023509060e+01
3.699565217391304284e+00 2.286905449009587699e+01
3.830000000000000071e+00 2.419839350645914067e+01
3.895217391304347743e+00 2.520508578789333853e+01
3.934347826086956434e+00 2.632829187911180924e+01
4.090869565217391646e+00 2.772731014945975048e+01
4.273478260869564949e+00 2.891126061795466384e+01
4.390869565217391468e+00 3.009593181335920420e+01
4.443043478260869428e+00 3.111542293995186270e+01
4.547391304347826235e+00 3.224020837887903213e+01
4.612608695652173907e+00 3.327762516896729039e+01
4.690869565217391290e+00 3.438353501486700736e+01
4.821304347826086634e+00 3.543369523798044440e+01
4.899565217391304017e+00 3.673641342215188388e+01
5.043043478260869961e+00 3.782612140174115467e+01
5.069130434782608496e+00 3.894801987460589032e+01
5.108260869565217632e+00 3.996934321896079467e+01
5.147391304347825880e+00 4.108669242537720834e+01
5.186521739130435016e+00 3.990422562401308682e+01
5.434347826086956879e+00 4.113216147864393690e+01
5.486521739130434838e+00 4.223723435299589113e+01
5.564782608695652222e+00 4.361979207429919825e+01
5.616956521739130181e+00 4.539744257981494968e+01
5.643043478260869605e+00 4.706594681812580916e+01
5.708260869565217277e+00 4.812701530140647321e+01
5.825652173913043796e+00 4.916660704262170611e+01
5.943043478260869428e+00 5.043616604285674043e+01
6.008260869565217099e+00 5.151508943185417877e+01
6.177826086956521578e+00 5.282701414957382724e+01
6.203913043478261002e+00 5.121202764564222321e+01
6.230000000000000426e+00 5.358414768647963200e+01
6.243043478260869250e+00 5.560973393976353663e+01
6.373478260869565482e+00 5.704234248925691020e+01
6.425652173913043441e+00 5.566409094796838986e+01
6.464782608695652577e+00 5.711568780730114980e+01
6.543043478260869961e+00 5.854156876260275055e+01
6.582173913043478208e+00 5.992276814920855088e+01
6.595217391304347920e+00 6.122080941581280911e+01
6.660434782608695592e+00 6.015271513032300277e+01
6.686521739130435016e+00 6.134890005492120224e+01
6.699565217391304728e+00 6.253180848314755735e+01
6.764782608695652399e+00 6.134653132933526365e+01
6.803913043478260647e+00 5.982436799650156445e+01
6.895217391304347743e+00 6.251588194173659474e+01
6.908260869565217455e+00 6.537169106683728614e+01
7.038695652173912798e+00 6.679744122005894269e+01
7.051739130434782510e+00 6.520917436956143831e+01
7.064782608695652222e+00 6.398356164561064929e+01
7.090869565217391646e+00 6.499495867817896055e+01
7.195217391304347565e+00 6.371654263189739709e+01
7.234347826086956701e+00 6.546209765200435982e+01
7.312608695652174085e+00 6.724680577314809682e+01
7.351739130434782332e+00 6.619514259557328728e+01
7.403913043478261180e+00 6.492469900305873409e+01
7.482173913043478564e+00 6.299940589695437154e+01
7.534347826086956523e+00 6.510860979909250545e+01
7.586521739130434483e+00 6.675297350351294767e+01
7.612608695652173907e+00 6.783985712063739015e+01
7.638695652173913331e+00 6.674249537198508619e+01
7.677826086956521578e+00 6.849027991018141392e+01
7.690869565217391290e+00 6.966313295653094428e+01
7.873478260869565482e+00 7.105821696676035515e+01
7.938695652173913153e+00 7.315045229667681781e+01
7.964782608695652577e+00 7.428511676668327368e+01
8.043043478260869961e+00 7.319666255604990113e+01
8.082173913043478208e+00 7.431938253578266540e+01
8.108260869565217632e+00 7.593143469478251006e+01
8.160434782608696480e+00 7.737010672280206336e+01
8.238695652173912976e+00 7.934658789009858992e+01
8.264782608695652399e+00 7.820571246162847956e+01
8.303913043478260647e+00 8.031843876856376596e+01
8.330000000000000071e+00 7.846101687017232962e+01
8.369130434782608319e+00 7.734316126664541002e+01
8.434347826086955990e+00 7.842582063638613477e+01
8.486521739130434838e+00 7.997265845701565468e+01
8.551739130434782510e+00 7.870800852828342897e+01
8.760434782608696125e+00 7.763399375005806746e+01
8.812608695652173196e+00 7.977962424971894961e+01
8.838695652173912620e+00 8.078367352854101568e+01
8.929999999999999716e+00 7.960125571524585553e+01
8.956086956521739140e+00 8.094763607349862866e+01
8.982173913043478564e+00 7.978795211858633252e+01
9.021304347826086811e+00 8.080137452562330225e+01
9.047391304347826235e+00 7.919344182461298942e+01
9.073478260869565659e+00 8.036614317368719185e+01
9.112608695652173907e+00 8.182522165388405710e+01
9.256086956521739850e+00 8.353493537878892994e+01
9.282173913043477498e+00 8.140156981836274497e+01
9.321304347826087522e+00 8.278638737535456471e+01
9.360434782608695770e+00 8.403696432919022641e+01
9.399565217391304017e+00 8.581789090357317207e+01
9.425652173913043441e+00 8.715569548866524485e+01
9.451739130434782865e+00 8.878560611971403205e+01
9.503913043478261713e+00 9.041245254851088475e+01
9.529999999999999361e+00 8.809993013123036576e+01
9.543043478260869961e+00 8.588769153456649974e+01
9.556086956521738784e+00 8.480857538885382496e+01
9.608260869565217632e+00 8.640013884938311151e+01
9.647391304347825880e+00 8.384555709751006702e+01
9.660434782608696480e+00 8.220195539891115288e+01
9.686521739130434128e+00 8.326313059858286181e+01
9.699565217391304728e+00 8.447712126006960887e+01
9.777826086956521223e+00 8.570304249007006092e+01
9.869130434782608319e+00 8.469861885174995564e+01
9.895217391304347743e+00 8.348972310850116685e+01
9.934347826086955990e+00 8.477417585785181586e+01
9.986521739130434838e+00 8.373276060975035762e+01
1.001260869565217426e+01 8.555938531070542297e+01
1.002565217391304309e+01 8.844433542818255489e+01
1.003869565217391369e+01 8.966422010460129854e+01
1.005173913043478251e+01 8.760210793310412214e+01
1.006478260869565133e+01 8.596062693802279853e+01
1.009086956521739076e+01 8.843956074978888182e+01
1.010391304347826136e+01 9.037978498599511568e+01
1.013000000000000078e+01 8.879160558698765726e+01
1.015608695652173843e+01 8.680572208570761461e+01
1.016913043478260903e+01 8.532879741449973210e+01
1.019521739130434845e+01 8.674985191415734676e+01
1.023434782608695670e+01 8.502499548954256170e+01
1.024739130434782552e+01 8.372626371819583824e+01
1.026043478260869612e+01 8.505502483644791312e+01
1.027347826086956495e+01 8.776831136267622924e+01
1.032565217391304380e+01 8.910004797344032568e+01
1.036478260869565204e+01 8.755380580594699325e+01
1.039086956521739147e+01 8.865580990472273015e+01
1.042999999999999972e+01 8.744437708408003118e+01
1.049521739130434739e+01 8.880601090641542328e+01
1.052130434782608681e+01 9.054581474832991717e+01
1.054739130434782624e+01 8.863335635311186422e+01
1.058652173913043448e+01 8.756416184364006483e+01
1.059956521739130508e+01 8.652243366694690963e+01
1.062565217391304273e+01 8.847544831079903815e+01
1.063869565217391333e+01 8.955572209514991755e+01
1.070391304347826100e+01 9.256062991416592922e+01
1.074304347826086925e+01 9.053221730758079389e+01
1.075608695652173985e+01 8.948589280829864379e+01
1.078217391304347750e+01 9.089986188118282939e+01
1.080826086956521692e+01 8.974279503264102686e+01
1.083434782608695635e+01 9.192701764450272606e+01
1.086043478260869577e+01 9.070716596650004249e+01
1.087347826086956459e+01 8.925685636768773179e+01
1.089956521739130402e+01 8.787301078002380450e+01
1.100391304347826171e+01 9.082666812715245896e+01
1.101695652173913054e+01 9.193876527753045025e+01
1.106913043478260938e+01 9.524934029006556102e+01
1.110826086956521763e+01 9.220700451483853044e+01
1.119956521739130473e+01 9.074671590214677508e+01
1.123869565217391298e+01 9.191324272591903366e+01
1.125173913043478180e+01 9.338869088086306647e+01
1.126478260869565240e+01 9.450081494859259124e+01
1.135608695652173949e+01 9.629066314395865334e+01
1.138217391304347892e+01 9.490431689402346649e+01
1.140826086956521657e+01 9.592517414687503674e+01
1.146043478260869541e+01 9.845639668643480036e+01
1.148652173913043484e+01 9.704302280193078900e+01
1.152565217391304309e+01 9.815580104122363991e+01
1.153869565217391369e+01 9.695896718666722336e+01
1.155173913043478251e+01 9.455576505341707616e+01
1.156478260869565133e+01 9.285657563924303304e+01
1.160391304347826136e+01 9.387701066914777925e+01
1.164304347826086961e+01 9.243695817041601970e+01
1.165608695652173843e+01 9.116292876825349367e+01
1.168217391304347785e+01 9.288146226336829159e+01
1.169521739130434845e+01 9.521653675832894237e+01
1.170826086956521728e+01 9.733180107726289521e+01
1.174739130434782552e+01 9.486440697880144057e+01
1.176043478260869612e+01 9.317651048156621130e+01
1.181260869565217320e+01 9.213788287438880786e+01
1.185173913043478322e+01 9.357581066749865784e+01
1.191695652173913089e+01 9.211208389458970203e+01
1.194304347826087032e+01 9.353504115998710233e+01
1.195608695652173914e+01 9.583424746059068866e+01
1.199521739130434739e+01 9.400815101987176092e+01
1.203434782608695564e+01 9.543530893056254172e+01
1.204739130434782624e+01 9.720567169257671480e+01
1.211260869565217391e+01 9.850310772600911946e+01
1.216478260869565275e+01 9.630412889124065146e+01
1.221695652173912983e+01 9.793203362273240487e+01
1.225608695652173985e+01 9.916102653795036304e+01
1.236043478260869577e+01 9.807853222762432210e+01
1.237347826086956459e+01 9.684077897029573023e+01
1.241260869565217462e+01 9.875952434920355927e+01
1.242565217391304344e+01 9.985442908297898157e+01
1.243869565217391226e+01 1.020405749673512474e+02
1.246478260869565169e+01 9.931216547537947292e+01
1.247782608695652229e+01 9.690074159554450262e+01
1.250391304347826171e+01 9.848628687712769647e+01
1.251695652173913054e+01 1.001830070167971343e+02
1.252999999999999936e+01 1.020441980844022112e+02
1.254304347826086996e+01 1.036336309167170100e+02
1.255608695652173878e+01 1.047317296485504414e+02
1.256913043478260938e+01 1.052408373485929189e+02
