1 33.99032
2 53.956269
3 70.702714
4 85.650238
5 99.388298
6 112.23356
7 124.38097
8 135.96128
9 147.06757
10 157.76909
11 168.11909
12 178.15968
13 187.92482
14 197.44248
15 206.73599
16 215.82508
17 224.72663
18 233.45522
19 242.02356
20 250.44282
21 258.72285
22 266.87243
23 274.89941
24 282.81086
25 290.61315
26 298.31206
27 305.91288
28 313.42041
29 320.83907
30 328.17293
31 335.42573
32 342.60095
33 349.70181
34 356.73128
35 363.69216
36 370.58706
37 377.4184
38 384.18846
39 390.89938
40 397.55319
41 404.15177
42 410.69692
43 417.19032
44 423.63357
45 430.02819
46 436.37561
47 442.6772
48 448.93425
49 455.148
50 461.31961
51 467.45022
52 473.54088
53 479.59262
54 485.60642
55 491.58321
56 497.52388
57 503.4293
58 509.30028
59 515.13761
60 520.94205
61 526.71434
62 532.45516
63 538.16521
64 543.84511
65 549.49552
66 555.11701
67 560.71019
68 566.27561
69 571.81381
70 577.32533
71 582.81065
72 588.27029
73 593.7047
74 599.11436
75 604.4997
76 609.86116
77 615.19916
78 620.51409
79 625.80637
80 631.07635
81 636.32443
82 641.55095
83 646.75626
84 651.94072
85 657.10464
86 662.24835
87 667.37216
88 672.47637
89 677.56129
90 682.6272
91 687.67438
92 692.7031
93 697.71364
94 702.70625
95 707.68119
96 712.6387
97 717.57903
98 722.50241
99 727.40907
100 732.29924
101 737.17313
102 742.03097
103 746.87295
104 751.69929
105 756.51019
106 761.30584
107 766.08643
108 770.85215
109 775.60318
110 780.33971
111 785.0619
112 789.76994
113 794.46398
114 799.1442
115 803.81075
116 808.46379
117 813.10349
118 817.72998
119 822.34342
120 826.94396
121 831.53174
122 836.10689
123 840.66956
124 845.21988
125 849.75799
126 854.28401
127 858.79808
128 863.30031
129 867.79083
130 872.26976
131 876.73722
132 881.19333
133 885.6382
134 890.07195
135 894.49468
136 898.9065
137 903.30752
138 907.69785
139 912.07758
140 916.44683
141 920.80568
142 925.15424
143 929.49261
144 933.82087
145 938.13913
146 942.44747
147 946.74598
148 951.03476
149 955.31389
150 959.58346
151 963.84355
152 968.09425
153 972.33564
154 976.56779
155 980.79079
156 985.00473
157 989.20966
158 993.40568
159 997.59286
160 1001.7713
161 1005.941
162 1010.1021
163 1014.2546
164 1018.3986
165 1022.5343
166 1026.6616
167 1030.7806
168 1034.8914
169 1038.994
170 1043.0886
171 1047.1751
172 1051.2537
173 1055.3244
174 1059.3873
175 1063.4423
176 1067.4897
177 1071.5294
178 1075.5615
179 1079.5861
180 1083.6031
181 1087.6128
182 1091.615
183 1095.61
184 1099.5976
185 1103.5781
186 1107.5514
187 1111.5175
188 1115.4766
189 1119.4287
190 1123.3739
191 1127.3121
192 1131.2434
193 1135.168
194 1139.0857
195 1142.9967
196 1146.9011
197 1150.7988
198 1154.6899
199 1158.5745
200 1162.4526
201 1166.3242
202 1170.1894
203 1174.0482
204 1177.9007
205 1181.7469
206 1185.5869
207 1189.4207
208 1193.2482
209 1197.0697
210 1200.8851
211 1204.6944
212 1208.4977
213 1212.295
214 1216.0864
215 1219.8719
216 1223.6515
217 1227.4253
218 1231.1933
219 1234.9555
220 1238.7121
221 1242.4629
222 1246.2081
223 1249.9476
224 1253.6816
225 1257.4101
226 1261.133
227 1264.8504
228 1268.5623
229 1272.2689
230 1275.97
231 1279.6658
232 1283.3563
233 1287.0414
234 1290.7213
235 1294.396
236 1298.0654
237 1301.7297
238 1305.3888
239 1309.0428
240 1312.6917
241 1316.3356
242 1319.9744
243 1323.6081
244 1327.237
245 1330.8608
246 1334.4797
247 1338.0938
248 1341.7029
249 1345.3072
250 1348.9067
251 1352.5014
252 1356.0913
253 1359.6765
254 1363.257
255 1366.8327
256 1370.4038
257 1373.9703
258 1377.5321
259 1381.0893
260 1384.6419
261 1388.19
262 1391.7336
263 1395.2726
264 1398.8072
265 1402.3373
266 1405.863
267 1409.3843
268 1412.9011
269 1416.4136
270 1419.9218
271 1423.4256
272 1426.9251
273 1430.4204
274 1433.9113
275 1437.398
276 1440.8805
277 1444.3588
278 1447.8329
279 1451.3029
280 1454.7687
281 1458.2303
282 1461.6879
283 1465.1414
284 1468.5908
285 1472.0362
286 1475.4775
287 1478.9149
288 1482.3482
289 1485.7776
290 1489.203
291 1492.6245
292 1496.0421
293 1499.4558
294 1502.8656
295 1506.2715
296 1509.6736
297 1513.0718
298 1516.4663
299 1519.8569
300 1523.2438
301 1526.6269
302 1530.0063
303 1533.3819
304 1536.7538
305 1540.1221
306 1543.4866
307 1546.8475
308 1550.2047
309 1553.5583
310 1556.9083
311 1560.2547
312 1563.5975
313 1566.9368
314 1570.2725
315 1573.6046
316 1576.9332
317 1580.2583
318 1583.58
319 1586.8981
320 1590.2128
321 1593.524
322 1596.8318
323 1600.1361
324 1603.4371
325 1606.7346
326 1610.0288
327 1613.3196
328 1616.6071
329 1619.8912
330 1623.172
331 1626.4495
332 1629.7237
333 1632.9946
334 1636.2622
335 1639.5265
336 1642.7877
337 1646.0456
338 1649.3002
339 1652.5517
340 1655.7999
341 1659.045
342 1662.2869
343 1665.5257
344 1668.7613
345 1671.9937
346 1675.2231
347 1678.4493
348 1681.6725
349 1684.8925
350 1688.1095
351 1691.3234
352 1694.5343
353 1697.7421
354 1700.9469
355 1704.1487
356 1707.3475
357 1710.5433
358 1713.7361
359 1716.9259
360 1720.1128
361 1723.2967
362 1726.4777
363 1729.6557
364 1732.8309
365 1736.0031
366 1739.1724
367 1742.3389
368 1745.5024
369 1748.6632
370 1751.821
371 1754.976
372 1758.1282
373 1761.2776
374 1764.4241
375 1767.5679
376 1770.7088
377 1773.847
378 1776.9824
379 1780.115
380 1783.2449
381 1786.372
382 1789.4964
383 1792.618
384 1795.737
385 1798.8532
386 1801.9668
387 1805.0777
388 1808.1858
389 1811.2914
390 1814.3942
391 1817.4944
392 1820.592
393 1823.6869
394 1826.7792
395 1829.8689
396 1832.956
397 1836.0405
398 1839.1224
399 1842.2017
400 1845.2784
401 1848.3526
402 1851.4243
403 1854.4933
404 1857.5599
405 1860.6239
406 1863.6854
407 1866.7444
408 1869.8009
409 1872.8549
410 1875.9063
411 1878.9554
412 1882.0019
413 1885.046
414 1888.0876
415 1891.1268
416 1894.1635
417 1897.1978
418 1900.2297
419 1903.2592
420 1906.2862
421 1909.3109
422 1912.3331
423 1915.353
424 1918.3705
425 1921.3856
426 1924.3984
427 1927.4088
428 1930.4168
429 1933.4225
430 1936.4259
431 1939.427
432 1942.4257
433 1945.4221
434 1948.4162
435 1951.408
436 1954.3975
437 1957.3848
438 1960.3697
439 1963.3524
440 1966.3328
441 1969.311
442 1972.2869
443 1975.2606
444 1978.232
445 1981.2012
446 1984.1682
447 1987.133
448 1990.0955
449 1993.0559
450 1996.014
451 1998.97
452 2001.9238
453 2004.8754
454 2007.8248
455 2010.7721
456 2013.7172
457 2016.6601
458 2019.601
459 2022.5396
460 2025.4762
461 2028.4106
462 2031.3429
463 2034.273
464 2037.2011
465 2040.1271
466 2043.0509
467 2045.9727
468 2048.8924
469 2051.81
470 2054.7255
471 2057.639
472 2060.5504
473 2063.4598
474 2066.3671
475 2069.2724
476 2072.1756
477 2075.0768
478 2077.9759
479 2080.8731
480 2083.7682
481 2086.6613
482 2089.5524
483 2092.4416
484 2095.3287
485 2098.2138
486 2101.097
487 2103.9781
488 2106.8573
489 2109.7346
490 2112.6099
491 2115.4832
492 2118.3546
493 2121.224
494 2124.0915
495 2126.957
496 2129.8206
497 2132.6823
498 2135.5421
499 2138.4
500 2141.256
501 2144.11
502 2146.9622
503 2149.8124
504 2152.6608
505 2155.5073
506 2158.3519
507 2161.1947
508 2164.0355
509 2166.8746
510 2169.7117
511 2172.547
512 2175.3805
513 2178.2121
514 2181.0418
515 2183.8698
516 2186.6959
517 2189.5201
518 2192.3426
519 2195.1632
520 2197.9821
521 2200.7991
522 2203.6143
523 2206.4277
524 2209.2394
525 2212.0492
526 2214.8573
527 2217.6636
528 2220.4681
529 2223.2708
530 2226.0718
531 2228.871
532 2231.6684
533 2234.4641
534 2237.2581
535 2240.0503
536 2242.8408
537 2245.6295
538 2248.4165
539 2251.2018
540 2253.9853
541 2256.7672
542 2259.5473
543 2262.3257
544 2265.1024
545 2267.8775
546 2270.6508
547 2273.4224
548 2276.1923
549 2278.9606
550 2281.7271
551 2284.492
552 2287.2553
553 2290.0168
554 2292.7767
555 2295.5349
556 2298.2915
557 2301.0464
558 2303.7997
559 2306.5513
560 2309.3013
561 2312.0497
562 2314.7964
563 2317.5415
564 2320.2849
565 2323.0268
566 2325.767
567 2328.5056
568 2331.2426
569 2333.978
570 2336.7118
571 2339.444
572 2342.1746
573 2344.9036
574 2347.631
575 2350.3569
576 2353.0811
577 2355.8038
578 2358.5249
579 2361.2445
580 2363.9625
581 2366.6789
582 2369.3938
583 2372.1071
584 2374.8188
585 2377.529
586 2380.2377
587 2382.9448
588 2385.6504
589 2388.3544
590 2391.057
591 2393.758
592 2396.4574
593 2399.1554
594 2401.8518
595 2404.5468
596 2407.2402
597 2409.9321
598 2412.6225
599 2415.3114
600 2417.9988
601 2420.6847
602 2423.3692
603 2426.0521
604 2428.7336
605 2431.4135
606 2434.0921
607 2436.7691
608 2439.4446
609 2442.1187
610 2444.7914
611 2447.4626
612 2450.1323
613 2452.8005
614 2455.4673
615 2458.1327
616 2460.7966
617 2463.4591
618 2466.1202
619 2468.7798
620 2471.4379
621 2474.0947
622 2476.75
623 2479.4039
624 2482.0564
625 2484.7074
626 2487.3571
627 2490.0053
628 2492.6522
629 2495.2976
630 2497.9416
631 2500.5842
632 2503.2255
633 2505.8653
634 2508.5037
635 2511.1408
636 2513.7765
637 2516.4108
638 2519.0437
639 2521.6752
640 2524.3054
641 2526.9342
642 2529.5616
643 2532.1877
644 2534.8124
645 2537.4358
646 2540.0578
647 2542.6784
648 2545.2977
649 2547.9157
650 2550.5323
651 2553.1475
652 2555.7614
653 2558.374
654 2560.9853
655 2563.5952
656 2566.2038
657 2568.8111
658 2571.417
659 2574.0216
660 2576.6249
661 2579.2269
662 2581.8276
663 2584.427
664 2587.0251
665 2589.6218
666 2592.2173
667 2594.8114
668 2597.4043
669 2599.9959
670 2602.5862
671 2605.1752
672 2607.7629
673 2610.3493
674 2612.9344
675 2615.5183
676 2618.1009
677 2620.6822
678 2623.2623
679 2625.841
680 2628.4186
681 2630.9948
682 2633.5698
683 2636.1435
684 2638.716
685 2641.2872
686 2643.8572
687 2646.4259
688 2648.9934
689 2651.5596
690 2654.1246
691 2656.6884
692 2659.2509
693 2661.8122
694 2664.3722
695 2666.931
696 2669.4886
697 2672.045
698 2674.6001
699 2677.1541
700 2679.7068
701 2682.2583
702 2684.8086
703 2687.3576
704 2689.9055
705 2692.4521
706 2694.9976
707 2697.5419
708 2700.0849
709 2702.6268
710 2705.1674
711 2707.7069
712 2710.2452
713 2712.7823
714 2715.3182
715 2717.8529
716 2720.3864
717 2722.9188
718 2725.45
719 2727.98
720 2730.5088
721 2733.0365
722 2735.563
723 2738.0883
724 2740.6124
725 2743.1355
726 2745.6573
727 2748.178
728 2750.6975
729 2753.2159
730 2755.7331
731 2758.2492
732 2760.7641
733 2763.2779
734 2765.7906
735 2768.3021
736 2770.8124
737 2773.3216
738 2775.8297
739 2778.3367
740 2780.8425
741 2783.3472
742 2785.8508
743 2788.3532
744 2790.8546
745 2793.3548
746 2795.8539
747 2798.3518
748 2800.8487
749 2803.3444
750 2805.8391
751 2808.3326
752 2810.825
753 2813.3163
754 2815.8065
755 2818.2956
756 2820.7837
757 2823.2706
758 2825.7564
759 2828.2411
760 2830.7248
761 2833.2073
762 2835.6888
763 2838.1691
764 2840.6484
765 2843.1266
766 2845.6038
767 2848.0798
768 2850.5548
769 2853.0287
770 2855.5015
771 2857.9733
772 2860.444
773 2862.9136
774 2865.3822
775 2867.8497
776 2870.3161
777 2872.7815
778 2875.2458
779 2877.7091
780 2880.1713
781 2882.6325
782 2885.0926
783 2887.5516
784 2890.0096
785 2892.4666
786 2894.9225
787 2897.3774
788 2899.8313
789 2902.2841
790 2904.7358
791 2907.1866
792 2909.6363
793 2912.085
794 2914.5326
795 2916.9792
796 2919.4248
797 2921.8694
798 2924.3129
799 2926.7554
800 2929.197
801 2931.6374
802 2934.0769
803 2936.5154
804 2938.9528
805 2941.3893
806 2943.8247
807 2946.2591
808 2948.6925
809 2951.1249
810 2953.5564
811 2955.9868
812 2958.4162
813 2960.8446
814 2963.272
815 2965.6984
816 2968.1239
817 2970.5483
818 2972.9718
819 2975.3942
820 2977.8157
821 2980.2362
822 2982.6557
823 2985.0743
824 2987.4918
825 2989.9084
826 2992.324
827 2994.7386
828 2997.1523
829 2999.5649
830 3001.9767
831 3004.3874
832 3006.7972
833 3009.206
834 3011.6138
835 3014.0207
836 3016.4266
837 3018.8316
838 3021.2356
839 3023.6387
840 3026.0408
841 3028.4419
842 3030.8421
843 3033.2413
844 3035.6396
845 3038.037
846 3040.4334
847 3042.8288
848 3045.2233
849 3047.6169
850 3050.0096
851 3052.4012
852 3054.792
853 3057.1818
854 3059.5707
855 3061.9587
856 3064.3457
857 3066.7318
858 3069.117
859 3071.5012
860 3073.8845
861 3076.2669
862 3078.6484
863 3081.029
864 3083.4086
865 3085.7873
866 3088.1651
867 3090.542
868 3092.9179
869 3095.293
870 3097.6672
871 3100.0404
872 3102.4127
873 3104.7841
874 3107.1547
875 3109.5243
876 3111.893
877 3114.2608
878 3116.6277
879 3118.9937
880 3121.3588
881 3123.723
882 3126.0864
883 3128.4488
884 3130.8103
885 3133.171
886 3135.5307
887 3137.8896
888 3140.2476
889 3142.6047
890 3144.9609
891 3147.3163
892 3149.6707
893 3152.0243
894 3154.377
895 3156.7288
896 3159.0797
897 3161.4298
898 3163.779
899 3166.1273
900 3168.4748
901 3170.8214
902 3173.1671
903 3175.5119
904 3177.8559
905 3180.199
906 3182.5413
907 3184.8827
908 3187.2232
909 3189.5629
910 3191.9017
911 3194.2397
912 3196.5768
913 3198.913
914 3201.2484
915 3203.583
916 3205.9167
917 3208.2495
918 3210.5815
919 3212.9127
920 3215.243
921 3217.5725
922 3219.9011
923 3222.2289
924 3224.5558
925 3226.8819
926 3229.2072
927 3231.5316
928 3233.8552
929 3236.1779
930 3238.4998
931 3240.8209
932 3243.1412
933 3245.4606
934 3247.7792
935 3250.097
936 3252.4139
937 3254.7301
938 3257.0454
939 3259.3598
940 3261.6735
941 3263.9863
942 3266.2983
943 3268.6095
944 3270.9199
945 3273.2295
946 3275.5382
947 3277.8462
948 3280.1533
949 3282.4596
950 3284.7651
951 3287.0698
952 3289.3737
953 3291.6768
954 3293.979
955 3296.2805
956 3298.5812
957 3300.881
958 3303.1801
959 3305.4784
960 3307.7758
961 3310.0725
962 3312.3684
963 3314.6635
964 3316.9577
965 3319.2512
966 3321.5439
967 3323.8358
968 3326.1269
969 3328.4173
970 3330.7068
971 3332.9956
972 3335.2835
973 3337.5707
974 3339.8571
975 3342.1427
976 3344.4276
977 3346.7116
978 3348.9949
979 3351.2774
980 3353.5591
981 3355.8401
982 3358.1202
983 3360.3996
984 3362.6782
985 3364.9561
986 3367.2332
987 3369.5095
988 3371.785
989 3374.0598
990 3376.3338
991 3378.6071
992 3380.8795
993 3383.1513
994 3385.4222
995 3387.6924
996 3389.9618
997 3392.2305
998 3394.4984
999 3396.7656
1000 3399.032

