1 22.612712
2 39.112991
3 53.891913
4 67.653365
5 80.704566
6 93.216325
7 105.2966
8 117.01938
9 128.4383
10 139.59391
11 150.51784
12 161.23538
13 171.76722
14 182.13052
15 192.33976
16 202.40729
17 212.34378
18 222.1585
19 231.85959
20 241.45425
21 250.9489
22 260.34926
23 269.6605
24 278.8873
25 288.03387
26 297.10411
27 306.10153
28 315.02941
29 323.89072
30 332.68823
31 341.42451
32 350.10195
33 358.72276
34 367.289
35 375.80262
36 384.26542
37 392.67912
38 401.04531
39 409.36549
40 417.64111
41 425.87348
42 434.0639
43 442.21357
44 450.32362
45 458.39515
46 466.42919
47 474.42672
48 482.38868
49 490.31596
50 498.20943
51 506.06989
52 513.89812
53 521.69489
54 529.46089
55 537.19682
56 544.90334
57 552.58108
58 560.23066
59 567.85266
60 575.44764
61 583.01615
62 590.55871
63 598.07582
64 605.56798
65 613.03566
66 620.47931
67 627.89936
68 635.29626
69 642.6704
70 650.02218
71 657.35199
72 664.66021
73 671.9472
74 679.2133
75 686.45887
76 693.68422
77 700.88968
78 708.07557
79 715.24218
80 722.38981
81 729.51875
82 736.62928
83 743.72166
84 750.79617
85 757.85305
86 764.89256
87 771.91495
88 778.92044
89 785.90928
90 792.88169
91 799.83789
92 806.77809
93 813.70251
94 820.61134
95 827.5048
96 834.38307
97 841.24635
98 848.09482
99 854.92867
100 861.74807
101 868.5532
102 875.34423
103 882.12133
104 888.88465
105 895.63437
106 902.37064
107 909.0936
108 915.80342
109 922.50023
110 929.18418
111 935.85542
112 942.51408
113 949.16029
114 955.7942
115 962.41593
116 969.0256
117 975.62335
118 982.20929
119 988.78356
120 995.34626
121 1001.8975
122 1008.4374
123 1014.9661
124 1021.4837
125 1027.9903
126 1034.486
127 1040.9709
128 1047.4451
129 1053.9088
130 1060.3619
131 1066.8046
132 1073.2371
133 1079.6594
134 1086.0715
135 1092.4736
136 1098.8658
137 1105.2482
138 1111.6208
139 1117.9838
140 1124.3371
141 1130.681
142 1137.0154
143 1143.3405
144 1149.6564
145 1155.9631
146 1162.2606
147 1168.5492
148 1174.8287
149 1181.0994
150 1187.3613
151 1193.6145
152 1199.8589
153 1206.0948
154 1212.3222
155 1218.541
156 1224.7515
157 1230.9537
158 1237.1475
159 1243.3332
160 1249.5107
161 1255.6802
162 1261.8416
163 1267.995
164 1274.1406
165 1280.2783
166 1286.4082
167 1292.5304
168 1298.6449
169 1304.7518
170 1310.8511
171 1316.943
172 1323.0273
173 1329.1043
174 1335.1739
175 1341.2362
176 1347.2912
177 1353.3391
178 1359.3797
179 1365.4133
180 1371.4399
181 1377.4594
182 1383.4719
183 1389.4776
184 1395.4763
185 1401.4683
186 1407.4534
187 1413.4318
188 1419.4036
189 1425.3686
190 1431.3271
191 1437.279
192 1443.2244
193 1449.1633
194 1455.0957
195 1461.0218
196 1466.9415
197 1472.8548
198 1478.7619
199 1484.6627
200 1490.5574
201 1496.4458
202 1502.3281
203 1508.2044
204 1514.0745
205 1519.9386
206 1525.7968
207 1531.649
208 1537.4953
209 1543.3356
210 1549.1702
211 1554.9989
212 1560.8218
213 1566.639
214 1572.4505
215 1578.2563
216 1584.0564
217 1589.8509
218 1595.6398
219 1601.4231
220 1607.201
221 1612.9733
222 1618.7401
223 1624.5016
224 1630.2576
225 1636.0082
226 1641.7535
227 1647.4934
228 1653.2281
229 1658.9574
230 1664.6816
231 1670.4005
232 1676.1143
233 1681.8229
234 1687.5263
235 1693.2247
236 1698.918
237 1704.6062
238 1710.2894
239 1715.9676
240 1721.6409
241 1727.3092
242 1732.9725
243 1738.631
244 1744.2846
245 1749.9333
246 1755.5772
247 1761.2163
248 1766.8506
249 1772.4802
250 1778.105
251 1783.7251
252 1789.3405
253 1794.9513
254 1800.5574
255 1806.1589
256 1811.7558
257 1817.3481
258 1822.9359
259 1828.5191
260 1834.0978
261 1839.672
262 1845.2418
263 1850.8071
264 1856.3679
265 1861.9244
266 1867.4764
267 1873.0241
268 1878.5675
269 1884.1065
270 1889.6412
271 1895.1716
272 1900.6977
273 1906.2196
274 1911.7372
275 1917.2506
276 1922.7599
277 1928.2649
278 1933.7658
279 1939.2625
280 1944.7551
281 1950.2436
282 1955.7281
283 1961.2084
284 1966.6847
285 1972.1569
286 1977.6252
287 1983.0894
288 1988.5496
289 1994.0059
290 1999.4582
291 2004.9066
292 2010.351
293 2015.7916
294 2021.2283
295 2026.6611
296 2032.09
297 2037.5151
298 2042.9363
299 2048.3538
300 2053.7675
301 2059.1774
302 2064.5835
303 2069.9858
304 2075.3845
305 2080.7794
306 2086.1706
307 2091.5581
308 2096.942
309 2102.3222
310 2107.6987
311 2113.0716
312 2118.4409
313 2123.8066
314 2129.1687
315 2134.5273
316 2139.8822
317 2145.2336
318 2150.5815
319 2155.9259
320 2161.2667
321 2166.6041
322 2171.9379
323 2177.2683
324 2182.5953
325 2187.9188
326 2193.2389
327 2198.5555
328 2203.8688
329 2209.1786
330 2214.4851
331 2219.7882
332 2225.088
333 2230.3844
334 2235.6774
335 2240.9672
336 2246.2537
337 2251.5368
338 2256.8167
339 2262.0933
340 2267.3667
341 2272.6367
342 2277.9036
343 2283.1672
344 2288.4277
345 2293.6849
346 2298.9389
347 2304.1898
348 2309.4374
349 2314.682
350 2319.9233
351 2325.1616
352 2330.3967
353 2335.6287
354 2340.8576
355 2346.0834
356 2351.3061
357 2356.5257
358 2361.7423
359 2366.9559
360 2372.1663
361 2377.3738
362 2382.5782
363 2387.7797
364 2392.9781
365 2398.1735
366 2403.366
367 2408.5555
368 2413.742
369 2418.9256
370 2424.1062
371 2429.2839
372 2434.4587
373 2439.6305
374 2444.7995
375 2449.9655
376 2455.1287
377 2460.289
378 2465.4465
379 2470.601
380 2475.7528
381 2480.9016
382 2486.0477
383 2491.1909
384 2496.3314
385 2501.469
386 2506.6038
387 2511.7359
388 2516.8651
389 2521.9916
390 2527.1154
391 2532.2363
392 2537.3546
393 2542.4701
394 2547.5829
395 2552.6929
396 2557.8003
397 2562.9049
398 2568.0069
399 2573.1062
400 2578.2028
401 2583.2967
402 2588.388
403 2593.4766
404 2598.5626
405 2603.6459
406 2608.7266
407 2613.8047
408 2618.8802
409 2623.953
410 2629.0233
411 2634.091
412 2639.1561
413 2644.2186
414 2649.2786
415 2654.3359
416 2659.3908
417 2664.4431
418 2669.4929
419 2674.5401
420 2679.5848
421 2684.627
422 2689.6667
423 2694.7039
424 2699.7385
425 2704.7707
426 2709.8005
427 2714.8277
428 2719.8525
429 2724.8748
430 2729.8947
431 2734.9121
432 2739.9271
433 2744.9397
434 2749.9498
435 2754.9575
436 2759.9628
437 2764.9657
438 2769.9662
439 2774.9644
440 2779.9601
441 2784.9534
442 2789.9444
443 2794.933
444 2799.9193
445 2804.9032
446 2809.8847
447 2814.864
448 2819.8409
449 2824.8154
450 2829.7876
451 2834.7576
452 2839.7252
453 2844.6905
454 2849.6535
455 2854.6143
456 2859.5727
457 2864.5289
458 2869.4828
459 2874.4344
460 2879.3838
461 2884.3309
462 2889.2758
463 2894.2184
464 2899.1588
465 2904.097
466 2909.0329
467 2913.9666
468 2918.8981
469 2923.8274
470 2928.7545
471 2933.6794
472 2938.6021
473 2943.5227
474 2948.441
475 2953.3572
476 2958.2712
477 2963.1831
478 2968.0928
479 2973.0003
480 2977.9057
481 2982.809
482 2987.7101
483 2992.6091
484 2997.5059
485 3002.4007
486 3007.2933
487 3012.1838
488 3017.0723
489 3021.9586
490 3026.8428
491 3031.725
492 3036.605
493 3041.483
494 3046.3589
495 3051.2327
496 3056.1045
497 3060.9743
498 3065.8419
499 3070.7076
500 3075.5711
501 3080.4327
502 3085.2922
503 3090.1497
504 3095.0051
505 3099.8586
506 3104.71
507 3109.5594
508 3114.4069
509 3119.2523
510 3124.0957
511 3128.9372
512 3133.7766
513 3138.6141
514 3143.4496
515 3148.2831
516 3153.1147
517 3157.9443
518 3162.7719
519 3167.5976
520 3172.4214
521 3177.2432
522 3182.063
523 3186.881
524 3191.697
525 3196.5111
526 3201.3232
527 3206.1334
528 3210.9418
529 3215.7482
530 3220.5527
531 3225.3553
532 3230.1561
533 3234.9549
534 3239.7519
535 3244.5469
536 3249.3401
537 3254.1314
538 3258.9209
539 3263.7085
540 3268.4942
541 3273.2781
542 3278.0601
543 3282.8402
544 3287.6186
545 3292.3951
546 3297.1697
547 3301.9425
548 3306.7135
549 3311.4827
550 3316.25
551 3321.0156
552 3325.7793
553 3330.5412
554 3335.3013
555 3340.0596
556 3344.8161
557 3349.5708
558 3354.3238
559 3359.0749
560 3363.8243
561 3368.5719
562 3373.3177
563 3378.0618
564 3382.8041
565 3387.5446
566 3392.2834
567 3397.0204
568 3401.7556
569 3406.4892
570 3411.2209
571 3415.951
572 3420.6793
573 3425.4059
574 3430.1307
575 3434.8538
576 3439.5752
577 3444.2949
578 3449.0129
579 3453.7291
580 3458.4437
581 3463.1565
582 3467.8677
583 3472.5771
584 3477.2849
585 3481.991
586 3486.6954
587 3491.3981
588 3496.0991
589 3500.7985
590 3505.4962
591 3510.1922
592 3514.8865
593 3519.5792
594 3524.2703
595 3528.9597
596 3533.6474
597 3538.3335
598 3543.0179
599 3547.7007
600 3552.3819
601 3557.0614
602 3561.7393
603 3566.4156
604 3571.0902
605 3575.7633
606 3580.4347
607 3585.1044
608 3589.7726
609 3594.4392
610 3599.1042
611 3603.7675
612 3608.4293
613 3613.0895
614 3617.7481
615 3622.405
616 3627.0605
617 3631.7143
618 3636.3665
619 3641.0172
620 3645.6663
621 3650.3138
622 3654.9597
623 3659.6041
624 3664.247
625 3668.8882
626 3673.5279
627 3678.1661
628 3682.8027
629 3687.4378
630 3692.0713
631 3696.7033
632 3701.3337
633 3705.9626
634 3710.59
635 3715.2159
636 3719.8402
637 3724.463
638 3729.0843
639 3733.704
640 3738.3223
641 3742.939
642 3747.5543
643 3752.168
644 3756.7802
645 3761.3909
646 3766.0001
647 3770.6079
648 3775.2141
649 3779.8189
650 3784.4221
651 3789.0239
652 3793.6242
653 3798.223
654 3802.8204
655 3807.4162
656 3812.0106
657 3816.6036
658 3821.195
659 3825.7851
660 3830.3736
661 3834.9607
662 3839.5463
663 3844.1305
664 3848.7133
665 3853.2946
666 3857.8744
667 3862.4528
668 3867.0298
669 3871.6054
670 3876.1795
671 3880.7522
672 3885.3234
673 3889.8932
674 3894.4616
675 3899.0286
676 3903.5942
677 3908.1583
678 3912.7211
679 3917.2824
680 3921.8423
681 3926.4009
682 3930.958
683 3935.5137
684 3940.068
685 3944.6209
686 3949.1725
687 3953.7226
688 3958.2714
689 3962.8187
690 3967.3647
691 3971.9093
692 3976.4526
693 3980.9944
694 3985.5349
695 3990.074
696 3994.6118
697 3999.1482
698 4003.6832
699 4008.2168
700 4012.7491
701 4017.2801
702 4021.8097
703 4026.3379
704 4030.8648
705 4035.3903
706 4039.9145
707 4044.4374
708 4048.9589
709 4053.4791
710 4057.9979
711 4062.5154
712 4067.0316
713 4071.5464
714 4076.06
715 4080.5722
716 4085.083
717 4089.5926
718 4094.1008
719 4098.6078
720 4103.1134
721 4107.6177
722 4112.1207
723 4116.6223
724 4121.1227
725 4125.6218
726 4130.1196
727 4134.6161
728 4139.1113
729 4143.6052
730 4148.0978
731 4152.5891
732 4157.0791
733 4161.5678
734 4166.0553
735 4170.5415
736 4175.0264
737 4179.51
738 4183.9923
739 4188.4734
740 4192.9532
741 4197.4318
742 4201.909
743 4206.385
744 4210.8598
745 4215.3333
746 4219.8055
747 4224.2765
748 4228.7462
749 4233.2147
750 4237.6819
751 4242.1479
752 4246.6126
753 4251.0761
754 4255.5383
755 4259.9993
756 4264.4591
757 4268.9176
758 4273.3749
759 4277.831
760 4282.2858
761 4286.7394
762 4291.1918
763 4295.6429
764 4300.0929
765 4304.5416
766 4308.9891
767 4313.4354
768 4317.8804
769 4322.3243
770 4326.7669
771 4331.2083
772 4335.6486
773 4340.0876
774 4344.5254
775 4348.962
776 4353.3975
777 4357.8317
778 4362.2647
779 4366.6965
780 4371.1272
781 4375.5566
782 4379.9849
783 4384.412
784 4388.8379
785 4393.2626
786 4397.6861
787 4402.1085
788 4406.5296
789 4410.9496
790 4415.3685
791 4419.7861
792 4424.2026
793 4428.6179
794 4433.0321
795 4437.4451
796 4441.8569
797 4446.2675
798 4450.677
799 4455.0854
800 4459.4926
801 4463.8986
802 4468.3035
803 4472.7072
804 4477.1098
805 4481.5113
806 4485.9116
807 4490.3107
808 4494.7087
809 4499.1056
810 4503.5013
811 4507.8959
812 4512.2894
813 4516.6817
814 4521.0729
815 4525.4629
816 4529.8519
817 4534.2397
818 4538.6264
819 4543.0119
820 4547.3964
821 4551.7797
822 4556.1619
823 4560.543
824 4564.9229
825 4569.3018
826 4573.6795
827 4578.0562
828 4582.4317
829 4586.8061
830 4591.1794
831 4595.5516
832 4599.9227
833 4604.2927
834 4608.6616
835 4613.0295
836 4617.3962
837 4621.7618
838 4626.1263
839 4630.4898
840 4634.8521
841 4639.2134
842 4643.5735
843 4647.9326
844 4652.2906
845 4656.6476
846 4661.0034
847 4665.3582
848 4669.7119
849 4674.0645
850 4678.416
851 4682.7665
852 4687.1159
853 4691.4642
854 4695.8115
855 4700.1576
856 4704.5028
857 4708.8468
858 4713.1898
859 4717.5318
860 4721.8727
861 4726.2125
862 4730.5513
863 4734.889
864 4739.2256
865 4743.5613
866 4747.8958
867 4752.2293
868 4756.5618
869 4760.8932
870 4765.2236
871 4769.5529
872 4773.8812
873 4778.2085
874 4782.5347
875 4786.8599
876 4791.184
877 4795.5071
878 4799.8292
879 4804.1503
880 4808.4703
881 4812.7893
882 4817.1072
883 4821.4242
884 4825.7401
885 4830.055
886 4834.3688
887 4838.6817
888 4842.9935
889 4847.3043
890 4851.6141
891 4855.9229
892 4860.2307
893 4864.5374
894 4868.8432
895 4873.1479
896 4877.4517
897 4881.7544
898 4886.0561
899 4890.3568
900 4894.6565
901 4898.9553
902 4903.253
903 4907.5497
904 4911.8454
905 4916.1401
906 4920.4339
907 4924.7266
908 4929.0184
909 4933.3091
910 4937.5989
911 4941.8877
912 4946.1755
913 4950.4623
914 4954.7481
915 4959.0329
916 4963.3168
917 4967.5997
918 4971.8816
919 4976.1625
920 4980.4425
921 4984.7215
922 4988.9995
923 4993.2765
924 4997.5526
925 5001.8277
926 5006.1018
927 5010.3749
928 5014.6471
929 5018.9184
930 5023.1886
931 5027.4579
932 5031.7263
933 5035.9937
934 5040.2601
935 5044.5256
936 5048.7901
937 5053.0536
938 5057.3162
939 5061.5779
940 5065.8386
941 5070.0984
942 5074.3572
943 5078.615
944 5082.8719
945 5087.1279
946 5091.3829
947 5095.637
948 5099.8902
949 5104.1424
950 5108.3936
951 5112.6439
952 5116.8933
953 5121.1418
954 5125.3893
955 5129.6359
956 5133.8816
957 5138.1263
958 5142.3701
959 5146.613
960 5150.8549
961 5155.0959
962 5159.336
963 5163.5752
964 5167.8134
965 5172.0508
966 5176.2872
967 5180.5227
968 5184.7572
969 5188.9909
970 5193.2236
971 5197.4555
972 5201.6864
973 5205.9164
974 5210.1455
975 5214.3737
976 5218.6009
977 5222.8273
978 5227.0528
979 5231.2773
980 5235.501
981 5239.7237
982 5243.9456
983 5248.1665
984 5252.3866
985 5256.6057
986 5260.824
987 5265.0413
988 5269.2578
989 5273.4733
990 5277.688
991 5281.9018
992 5286.1147
993 5290.3267
994 5294.5378
995 5298.748
996 5302.9574
997 5307.1658
998 5311.3734
999 5315.5801
1000 5319.7859

