1.332344099999999976e-01 2.124929599999999937e+03
1.998569799999999896e-01 3.838140300000000025e+02
2.664795500000000095e-01 7.023530000000000051e-01
3.330913899999999872e-01 1.124524000000000079e+00
3.997139599999999793e-01 1.521039000000000030e+00
4.663365300000000269e-01 2.081259000000000192e+00
5.329483699999999491e-01 1.564686000000000021e+00
5.995709399999999967e-01 1.863137999999999961e+00
6.661935100000000443e-01 1.862702000000000080e+00
7.328053500000000220e-01 2.445577000000000112e+00
7.994279199999999586e-01 2.591108000000000189e+00
8.660504900000000061e-01 2.715466999999999853e+00
9.326730600000000537e-01 2.264034000000000102e+00
9.992849000000000315e-01 2.033371999999999957e+00
1.065907500000000008e+00 2.147419999999999884e+00
1.132530000000000037e+00 1.865515999999999952e+00
1.199141900000000094e+00 2.008538000000000157e+00
1.265764499999999959e+00 1.644773000000000041e+00
1.332386999999999988e+00 2.358689000000000036e+00
1.398998900000000045e+00 1.448437999999999892e+00
1.465621400000000074e+00 1.530578369578003972e+00
1.532243999999999939e+00 1.447670982268039586e+00
1.598855799999999938e+00 1.334780620235658910e+00
1.665478400000000025e+00 1.130163731407831218e+00
1.732100999999999891e+00 9.298420089523168341e-01
1.798712799999999890e+00 8.270683154849788332e-01
1.865335399999999977e+00 7.682038559027917213e-01
1.931958000000000064e+00 6.827518126995146819e-01
1.998569800000000063e+00 5.936399640358966945e-01
2.065192399999999928e+00 5.413080556263183407e-01
2.131814900000000179e+00 5.092106901807149644e-01
2.198426800000000014e+00 4.641291411603936101e-01
2.265049299999999821e+00 4.263290434799196227e-01
2.331671899999999908e+00 4.197893485931208923e-01
2.398294499999999996e+00 4.058037293484857422e-01
2.464906299999999995e+00 3.623241184805372495e-01
2.531528900000000082e+00 3.147785929337658106e-01
2.598151500000000169e+00 2.870773190630598881e-01
2.664763300000000168e+00 2.943552679077909850e-01
2.731385899999999811e+00 3.243790392499958930e-01
2.798008400000000062e+00 3.491003428395225705e-01
2.864620299999999897e+00 3.456524839590136011e-01
2.931242899999999985e+00 3.150685695123250918e-01
2.997865399999999791e+00 2.875145671000519099e-01
3.064477300000000071e+00 2.763548667135250492e-01
3.131099799999999878e+00 2.739471270101700995e-01
3.197722399999999965e+00 2.835085039730640410e-01
3.264334199999999964e+00 3.145102109404428470e-01
3.330956800000000051e+00 3.524408532802709160e-01
3.397579400000000138e+00 3.727411524926728115e-01
3.464191200000000137e+00 3.899851697150170104e-01
3.530813799999999780e+00 4.253152603499632534e-01
3.597436399999999868e+00 4.854412273227196595e-01
3.664048199999999866e+00 5.683649404189123899e-01
3.730670799999999954e+00 6.315862084311514302e-01
3.797293300000000205e+00 6.650418128893580416e-01
3.863915899999999848e+00 6.472906360050958430e-01
3.930527800000000127e+00 5.495279705602840181e-01
3.997150299999999934e+00 4.668678138083169893e-01
4.063772900000000021e+00 4.961559895902303841e-01
4.130384699999999576e+00 6.108205768241059541e-01
4.197007300000000107e+00 7.283693633049839189e-01
4.263629899999999751e+00 7.729894344258110284e-01
4.330241700000000193e+00 7.497316950906390831e-01
4.396864299999999837e+00 7.245080912181515176e-01
4.463486900000000368e+00 7.400448519902926847e-01
4.530098699999999923e+00 8.376777790028362425e-01
4.596721299999999566e+00 1.009038560729543121e+00
4.663343799999999817e+00 1.156572917532782796e+00
4.729955699999999652e+00 1.168751370443719129e+00
4.796578300000000183e+00 1.069557415171578540e+00
4.863200800000000434e+00 1.000397279579079424e+00
4.929812700000000270e+00 9.954000531442315225e-01
4.996435199999999632e+00 1.009570778309190953e+00
5.063057800000000164e+00 1.014905194062344584e+00
5.129669599999999718e+00 1.014810850504844986e+00
5.196292200000000250e+00 1.056611274253359545e+00
5.262914799999999893e+00 1.142787921339293966e+00
5.329526600000000336e+00 1.152311846396796735e+00
5.396149199999999979e+00 1.080512964086431493e+00
5.462771799999999622e+00 1.025737397556722552e+00
5.529394299999999873e+00 9.800889630006546227e-01
5.596006199999999708e+00 9.310768967714786459e-01
5.662628699999999959e+00 8.915201280812968809e-01
5.729251299999999603e+00 8.679832815889012565e-01
5.795863100000000045e+00 9.231921599592886052e-01
5.862485699999999689e+00 1.022220235748528383e+00
5.929108300000000220e+00 1.055798622855609770e+00
5.995720099999999775e+00 1.051880576811552670e+00
6.062342700000000306e+00 1.079774198900485649e+00
6.128965299999999949e+00 1.097346965792586282e+00
6.195577100000000392e+00 1.067465595428656044e+00
6.262199700000000036e+00 1.063803572812965115e+00
6.328822200000000286e+00 1.131341082299528011e+00
6.395434100000000122e+00 1.203705694732692510e+00
6.462056699999999765e+00 1.248163956555881526e+00
6.528679200000000016e+00 1.278967436249835998e+00
6.595291099999999851e+00 1.282737689912120782e+00
6.661913600000000102e+00 1.276064013903321470e+00
6.728536199999999745e+00 1.270806977309902663e+00
6.795148000000000188e+00 1.269079773463723804e+00
6.861770599999999831e+00 1.309410771545895802e+00
6.928393200000000363e+00 1.353842522445569241e+00
6.995015800000000006e+00 1.334821374068761779e+00
7.061627599999999561e+00 1.278416113124313691e+00
7.128250200000000092e+00 1.212972716015330965e+00
7.194872700000000343e+00 1.170558972916766693e+00
7.261484600000000178e+00 1.243254156372825214e+00
7.328107199999999821e+00 1.383974883970494396e+00
7.394729700000000072e+00 1.403284453050393843e+00
7.461341599999999907e+00 1.309874984925474273e+00
7.527964100000000158e+00 1.249004511373060122e+00
7.594586699999999801e+00 1.260640330340686344e+00
7.661198500000000244e+00 1.302812120375760774e+00
7.727821099999999888e+00 1.327817856728965129e+00
7.794443700000000419e+00 1.293839755552432802e+00
7.861055499999999974e+00 1.190502782817301819e+00
7.927678099999999617e+00 1.089161412656471928e+00
7.994300700000000148e+00 1.042962372783817981e+00
8.060912500000000591e+00 1.010644274731855141e+00
8.127535099999999346e+00 9.349788100046791950e-01
8.194157600000000485e+00 8.384083922190279647e-01
8.260769500000000320e+00 8.068011065470617194e-01
8.327392100000000852e+00 8.425620708750689580e-01
8.394014600000000215e+00 8.858973036010016067e-01
8.460637200000000746e+00 8.879885492367978195e-01
8.527248999999999413e+00 8.365088647726377502e-01
8.593871599999999944e+00 7.995549330592064408e-01
8.660494200000000475e+00 8.355767756488549081e-01
8.727105999999999142e+00 9.002187206917645623e-01
8.793728599999999673e+00 9.420578532056973486e-01
8.860351200000000205e+00 9.629229087543201837e-01
8.926963000000000648e+00 9.534262262159733936e-01
8.993585599999999403e+00 9.193207218003460746e-01
9.060208100000000542e+00 9.109866446541530216e-01
9.126820000000000377e+00 9.573921174890090979e-01
9.193442499999999740e+00 1.019249695990805948e+00
9.260065100000000271e+00 1.023162740384977454e+00
9.326676900000000714e+00 9.409325217932233976e-01
9.393299499999999469e+00 8.473186593389785415e-01
9.459922100000000000e+00 8.262590415821193801e-01
9.526533900000000443e+00 8.812156102785320133e-01
9.593156499999999198e+00 9.174029009017231617e-01
9.659779099999999730e+00 8.598534300138143127e-01
9.726390900000000173e+00 7.907512489355161822e-01
9.793013500000000704e+00 7.801175619060018995e-01
9.859636099999999459e+00 8.325415348302458440e-01
9.926247899999999902e+00 9.062885751336710038e-01
9.992870500000000433e+00 9.417198280535342692e-01
1.005949299999999980e+01 9.455148442653567020e-01
1.012611599999999967e+01 9.621112091494525842e-01
1.019272699999999965e+01 9.868742409524848824e-01
1.025934999999999953e+01 9.989770341209440740e-01
1.032597299999999940e+01 1.000821390157187629e+00
1.039258399999999938e+01 9.773985665192816974e-01
1.045920699999999925e+01 9.519243313914127480e-01
1.052582999999999913e+01 9.553972141724977885e-01
1.059244100000000088e+01 9.820387792965559193e-01
1.065906400000000076e+01 9.990154235147705730e-01
1.072568700000000064e+01 9.968514045382466104e-01
1.079229800000000061e+01 9.936751923573361456e-01
1.085892100000000049e+01 9.794076552174275641e-01
1.092554400000000037e+01 9.582047048512190024e-01
1.099215500000000034e+01 9.700232611790509107e-01
1.105877800000000022e+01 9.807889826018409973e-01
1.112540100000000010e+01 9.474868028019640676e-01
1.119201200000000007e+01 9.491882933283548596e-01
1.125863499999999995e+01 1.028133575265750110e+00
1.132525700000000057e+01 1.128763191652395248e+00
1.139186899999999980e+01 1.199370876620321935e+00
1.145849199999999968e+01 1.215238368327191676e+00
1.152511400000000030e+01 1.194013956205268734e+00
1.159173700000000018e+01 1.154110541116907473e+00
1.165834899999999941e+01 1.106869254943821712e+00
1.172497100000000003e+01 1.044201527600489676e+00
1.179159399999999991e+01 1.014975779321363625e+00
1.185820599999999914e+01 1.045718506401942749e+00
1.192482799999999976e+01 1.098480763990400622e+00
1.199145099999999964e+01 1.137994465908179098e+00
1.205806300000000064e+01 1.124855318980797048e+00
1.212468499999999949e+01 1.067879163752147198e+00
1.219130799999999937e+01 1.017062739007421168e+00
1.225792000000000037e+01 9.959725041441660487e-01
1.232454199999999922e+01 9.645524359328606634e-01
1.239116500000000087e+01 9.189144127353683356e-01
1.245777700000000010e+01 9.115648107817161394e-01
1.252439900000000073e+01 9.640393388717417578e-01
1.259102200000000060e+01 1.062245030130395840e+00
1.265763399999999983e+01 1.102611565338487365e+00
1.272425600000000045e+01 1.022441223263784504e+00
1.279087900000000033e+01 9.681895060971960065e-01
1.285749099999999956e+01 1.031250560979165121e+00
1.292411300000000018e+01 1.118249274360525458e+00
1.299073600000000006e+01 1.119299537239991871e+00
1.305735800000000069e+01 1.050438233771292973e+00
1.312396999999999991e+01 9.770192844534903998e-01
1.319059299999999979e+01 9.283501397847185865e-01
1.325721500000000042e+01 9.014880321029833388e-01
1.332382699999999964e+01 8.782140981835322435e-01
1.339044999999999952e+01 8.697184606274130925e-01
1.345707200000000014e+01 9.018824539713420352e-01
1.352368399999999937e+01 9.518676259558505048e-01
1.359030699999999925e+01 9.372471935185779923e-01
1.365692899999999987e+01 8.796094077573537451e-01
1.372354100000000088e+01 8.886255075574172047e-01
1.379016400000000075e+01 9.421990215390719792e-01
1.385678599999999960e+01 9.569776188719206766e-01
1.392339800000000061e+01 9.571440153305983412e-01
1.399002100000000048e+01 9.849519159626380915e-01
1.405664299999999933e+01 1.030787778913423214e+00
1.412325500000000034e+01 1.088893968566093884e+00
1.418987800000000021e+01 1.133077988760078592e+00
1.425650000000000084e+01 1.101686638329388845e+00
1.432311200000000007e+01 1.036095616504637329e+00
1.438973499999999994e+01 1.041110350399129247e+00
1.445635700000000057e+01 1.094985602635537569e+00
1.452296899999999980e+01 1.130298744735484640e+00
1.458959199999999967e+01 1.176618305975268619e+00
1.465621400000000030e+01 1.215466956934835085e+00
1.472283700000000017e+01 1.199710227180462718e+00
1.478944899999999940e+01 1.133075873159573144e+00
1.485607100000000003e+01 1.033426763315408836e+00
1.492269399999999990e+01 9.756850614893917140e-01
1.498930599999999913e+01 9.915941458279151632e-01
1.505592799999999976e+01 1.016476881819588840e+00
1.512255099999999963e+01 1.018805623673378680e+00
1.518916300000000064e+01 1.028771297606353663e+00
1.525578499999999948e+01 1.047561245237704997e+00
1.532240799999999936e+01 1.046514593615272659e+00
1.538902000000000037e+01 1.011157298801508508e+00
1.545564199999999921e+01 9.479023081899138337e-01
1.552226500000000087e+01 8.794176483393698618e-01
1.558887700000000009e+01 8.269649345092999759e-01
1.565549900000000072e+01 8.086658692469401721e-01
1.572212200000000060e+01 8.245658496029684148e-01
1.578873399999999982e+01 8.612399355006798984e-01
1.585535600000000045e+01 8.994009428671498885e-01
1.592197900000000033e+01 9.242353050988495466e-01
1.598859099999999955e+01 9.180516913841190174e-01
1.605521299999999840e+01 8.628659751033032066e-01
1.612183599999999828e+01 8.335257234542658988e-01
1.618845800000000068e+01 8.808932368473503249e-01
1.625506999999999991e+01 9.287402833825529891e-01
1.632169299999999978e+01 9.154600409089488355e-01
1.638831499999999863e+01 9.000974459622650414e-01
1.645492700000000141e+01 9.227547642518187931e-01
1.652155000000000129e+01 9.391841195586637658e-01
1.658817200000000014e+01 9.135855218866630878e-01
1.665478399999999937e+01 8.766299943488846669e-01
1.672140699999999924e+01 8.641486530180924053e-01
1.678802900000000164e+01 8.665202409228793812e-01
1.685464100000000087e+01 8.828005871839614827e-01
1.692126400000000075e+01 9.258889898122181217e-01
1.698788599999999960e+01 9.726453494861604376e-01
1.705449799999999883e+01 1.009909329818754475e+00
1.712112099999999870e+01 1.035991870453137897e+00
1.718774300000000110e+01 1.057793542592860181e+00
1.725435500000000033e+01 1.080069598848702128e+00
1.732097800000000021e+01 1.078431332570456647e+00
1.738759999999999906e+01 1.057000720416453321e+00
1.745421199999999828e+01 1.059005041338919373e+00
1.752083500000000171e+01 1.098988744845655230e+00
1.758745700000000056e+01 1.134325584414847654e+00
1.765408000000000044e+01 1.111298740615119129e+00
1.772069199999999967e+01 1.039672701525681253e+00
1.778731399999999852e+01 9.762135250116970031e-01
1.785393699999999839e+01 9.429490626841958711e-01
1.792054900000000117e+01 9.257765395469852443e-01
1.798717100000000002e+01 9.257926775916698325e-01
1.805379399999999990e+01 9.460751064639232322e-01
1.812040599999999912e+01 9.642250362848217016e-01
1.818702800000000153e+01 9.665162530876005853e-01
1.825365100000000140e+01 9.496416275638841498e-01
1.832026300000000063e+01 9.474457123850049678e-01
1.838688499999999948e+01 1.010352088468929654e+00
1.845350799999999936e+01 1.087994984602457693e+00
1.852011900000000111e+01 1.110085778961127367e+00
1.858674200000000098e+01 1.096871594279432482e+00
1.865336500000000086e+01 1.055241525074928521e+00
1.871997599999999906e+01 9.893694901210752235e-01
1.878659899999999894e+01 9.459406076928214002e-01
1.885322199999999881e+01 9.354061677205216530e-01
1.891983300000000057e+01 9.179509170384367867e-01
1.898645600000000044e+01 8.884163355499361536e-01
1.905307900000000032e+01 9.188424744025196489e-01
1.911968999999999852e+01 1.017210615326189282e+00
1.918631299999999840e+01 1.087028966310967348e+00
1.925293599999999827e+01 1.077002245394006463e+00
1.931955800000000067e+01 1.009316876170631705e+00
1.938616999999999990e+01 9.370448589131017414e-01
1.945279299999999978e+01 9.048988354396165779e-01
1.951941499999999863e+01 9.147335190519603199e-01
1.958602700000000141e+01 9.329735175876507913e-01
1.965265000000000128e+01 9.428926985459509247e-01
1.971927200000000013e+01 9.542876669765789632e-01
1.978588399999999936e+01 9.728564152638385920e-01
1.985250699999999924e+01 9.987228202969784530e-01
1.991912900000000164e+01 1.031754108404109083e+00
1.998574100000000087e+01 1.070280100834003045e+00
