1939 86
1969 83
1999 78
2029 90
2059 82
2089 93
2119 91
2149 95
2179 100
2209 112
2239 103
2269 91
2299 98
2329 88
2359 95
2389 96
2419 96
2449 103
2479 103
2509 98
2539 94
2569 111
2599 99
2629 92
2659 99
2689 96
2719 101
2749 103
2779 103
2809 115
2839 120
2869 120
2899 115
2929 117
2959 119
2989 122
3019 128
3049 130
3079 128
3109 144
3139 139
3169 135
3199 135
3229 140
3259 158
3289 151
3319 158
3349 146
3379 153
3409 141
3439 163
3469 147
3499 142
3529 157
3559 155
3589 153
3619 162
3649 164
3679 170
3709 159
3739 160
3769 153
3799 159
3829 152
3859 165
3889 159
3919 162
3949 166
3979 163
4009 173
4039 161
4069 160
4099 165
4129 167
4159 167
4189 172
4219 176
4249 176
4279 177
4309 183
4339 177
4369 185
4399 191
4429 193
4459 188
4489 192
4519 185
4549 183
4579 189
4609 189
4639 194
4669 189
4699 199
4729 205
4759 209
4789 209
4819 211
4849 207
4879 222
4909 227
4939 220
4969 226
4999 244
5029 242
5059 226
5089 237
5119 224
5149 223
5179 216
5209 223
5239 219
5269 222
5299 211
5329 221
5359 225
5389 228
5419 212
5449 223
5479 219
5509 227
5539 220
5569 220
5599 224
5629 230
5659 230
5689 225
5719 221
5749 224
5779 228
5809 226
5839 220
5869 227
5899 223
5929 219
5959 218
5989 234
6019 221
6049 227
6079 226
6109 222
6139 214
6169 226
6199 236
6229 234
6259 221
6289 225
6319 225
6349 220
6379 233
6409 226
6439 225
6469 225
6499 231
6529 231
6559 236
6589 233
6619 233
6649 230
6679 230
6709 234
6739 225
6769 230
6799 234
6829 228
6859 228
6889 242
6919 239
6949 231
6979 236
7009 238
7039 227
7069 228
7099 239
7129 233
7159 234
7189 241
7219 245
7249 239
7279 250
7309 239
7339 242
7369 240
7399 243
7429 233
7459 243
7489 241
7519 251
7549 249
7579 253
7609 253
7639 237
7669 245
7699 239
7729 242
7759 248
7789 263
7819 244
7849 255
7879 259
7909 249
7939 254
7969 256
7999 240
8029 241
8059 249
8089 253
8119 237
8149 239
8179 243
8209 246
8239 241
8269 244
8299 253
8329 252
8359 246
8389 246
8419 244
8449 244
8479 248
8509 240
8539 250
8569 238
8599 242
8629 253
8659 240
8689 245
8719 242
8749 250
8779 257
8809 239
8839 248
8869 248
8899 241
8929 243
8959 235
8989 245
9019 238
9049 231
9079 232
9109 241
9139 238
9169 235
9199 247
9229 252
9259 241
9289 245
9319 248
9349 257
9379 239
9409 234
9439 238
9469 231
9499 242
9529 245
9559 232
9589 242
9619 256
9649 247
9679 248
9709 241
9739 247
9769 255
9799 245
9829 237
9859 243
9889 238
9919 230
9949 245
9979 243
10009 230
10039 240
10069 240
10099 232
10129 233
10159 241
10189 236
10219 229
10249 231
10279 239
10309 230
10339 234
10369 232
10399 234
10429 239
10459 230
10489 222
10519 228
10549 233
10579 232
10609 227
10639 221
10669 232
10699 224
10729 232
10759 235
10789 222
10819 227
10849 217
10879 235
10909 230
10939 227
10969 221
10999 234
11029 233
11059 229
11089 223
11119 229
11149 223
11179 222
11209 230
11239 225
11269 214
11299 228
11329 218
11359 227
11389 224
11419 216
11449 222
11479 229
11509 222
11539 216
11569 222
11599 220
11629 217
11659 211
11689 216
11719 212
11749 214
11779 209
11809 215
11839 205
11869 208
11899 218
11929 216
11959 219
11989 214
12019 216
12049 223
12079 223
12109 212
12139 219
12169 217
12199 219
12229 208
12259 223
12289 214
12319 226
12349 221
12379 210
12409 219
12439 217
12469 215
12499 208
12529 214
12559 216
12589 209
12619 207
12649 207
12679 207
12709 198
12739 215
12769 199
12799 205
12829 199
12859 199
12889 208
12919 189
12949 202
12979 183
13009 195
13039 184
13069 186
13099 193
13129 185
13159 187
13189 184
13219 182
13249 191
13279 200
13309 183
13339 191
13369 195
13399 179
13429 194
13459 179
13489 190
13519 190
13549 185
13579 187
13609 184
13639 191
13669 180
13699 181
13729 176
13759 187
13789 192
13819 175
13849 181
13879 187
13909 179
13939 184
13969 183
13999 185
14029 183
14059 174
14089 184
14119 185
14149 183
14179 181
14209 175
14239 184
14269 190
14299 188
14329 181
14359 170
14389 169
14419 176
14449 173
14479 172
14509 171
14539 173
14569 177
14599 171
14629 174
14659 172
14689 165
14719 168
14749 177
14779 172
14809 180
14839 176
14869 169
14899 167
14929 178
14959 173
14989 168
15019 169
15049 169
15079 164
15109 168
15139 167
15169 155
15199 160
15229 164
15259 165
15289 163
15319 162
15349 168
15379 163
15409 153
15439 163
15469 162
15499 156
15529 164
15559 165
15589 162
15619 161
15649 170
15679 174
15709 162
15739 166
15769 167
15799 165
15829 166
15859 167
15889 149
15919 148
15949 159
15979 155
16009 161
16039 150
16069 158
16099 156
16129 166
16159 150
16189 149
16219 162
16249 162
16279 162
16309 155
16339 159
16369 161
16399 160
16429 164
16459 159
16489 152
16519 159
16549 168
16579 161
16609 163
16639 160
16669 156
16699 160
16729 158
16759 160
16789 158
16819 155
16849 152
16879 153
16909 161
16939 160
16969 161
16999 156
17029 161
17059 166
17089 157
17119 167
17149 158
17179 162
17209 169
17239 168
17269 167
17299 165
17329 163
17359 154
17389 165
17419 160
17449 159
17479 155
17509 156
17539 155
17569 164
17599 156
17629 164
17659 154
17689 153
17719 154
17749 153
17779 152
17809 151
17839 155
17869 149
17899 153
17929 154
17959 156
17989 154
18019 155
18049 155
18079 154
18109 151
18139 151
18169 150
18199 155
18229 152
18259 146
18289 147
18319 149
18349 143
18379 151
18409 144
18439 148
18469 150
18499 145
18529 156
18559 146
18589 145
18619 152
18649 141
18679 142
18709 147
18739 144
18769 140
18799 140
18829 142
18859 145
18889 143
18919 142
18949 137
18979 137
19009 141
19039 146
19069 142
19099 133
19129 141
19159 143
19189 142
19219 141
19249 145
19279 146
19309 139
19339 144
19369 144
19399 143
19429 140
19459 144
19489 145
19519 135
19549 140
19579 137
19609 143
19639 137
19669 144
19699 141
19729 140
19759 147
19789 141
19819 145
19849 138
19879 146
19909 140
19939 142
19969 145
19999 142
20029 147
20059 142
20089 140
20119 148
20149 144
20179 144
20209 148
20239 145
20269 142
20299 137
20329 142
20359 139
20389 141
20419 138
20449 142
20479 137
20509 147
20539 141
20569 147
20599 135
20629 146
20659 147
20689 137
20719 146
20749 141
20779 138
20809 150
20839 145
20869 144
20899 140
20929 144
20959 139
20989 139
21019 139
21049 144
21079 141
21109 137
21139 146
21169 139
21199 138
21229 143
21259 138
21289 134
21319 138
21349 143
21379 142
21409 140
21439 136
21469 144
21499 136
21529 136
21559 138
21589 136
21619 133
21649 132
21679 132
21709 131
21739 129
21769 127
21799 134
21829 130
21859 124
21889 131
21919 127
21949 141
21979 134
22009 139
22039 141
22069 135
22099 135
22129 132
22159 137
22189 138
22219 141
22249 147
22279 136
22309 139
22339 136
22369 138
22399 137
22429 143
22459 134
22489 136
22519 136
22549 136
22579 132
22609 139
22639 140
22669 131
22699 141
22729 138
22759 140
22789 140
22819 140
22849 137
22879 139
22909 136
22939 141
22969 142
22999 139
23029 143
23059 132
23089 124
23119 139
23149 137
23179 138
23209 136
23239 123
23269 135
23299 133
23329 130
23359 134
23389 146
23419 132
23449 138
23479 136
23509 134
23539 140
23569 144
23599 142
23629 130
23659 131
23689 138
23719 136
23749 128
23779 138
23809 129
23839 139
23869 135
23899 132
23929 136
23959 136
23989 133
24019 140
24049 137
24079 134
24109 139
24139 131
24169 134
24199 131
24229 127
24259 136
24289 137
24319 132
24349 134
24379 141
24409 136
24439 134
24469 132
24499 132
24529 130
24559 136
24589 134
24619 126
24649 125
24679 128
24709 133
24739 131
24769 136
24799 126
24829 130
24859 133
24889 136
24919 127
24949 124
24979 133
25009 134
25039 131
25069 134
25099 139
25129 135
25159 133
25189 135
25219 134
25249 137
25279 135
25309 128
25339 128
25369 128
25399 131
25429 132
25459 121
25489 123
25519 125
25549 129
25579 136
25609 123
25639 134
25669 130
25699 123
25729 134
25759 132
25789 130
25819 132
25849 131
25879 127
25909 125
25939 128
25969 120
25999 132
26029 128
26059 121
26089 131
26119 120
26149 124
26179 128
26209 128
26239 121
26269 127
26299 123
26329 124
26359 121
26389 118
26419 126
26449 126
26479 124
26509 119
26539 123
26569 128
26599 130
26629 131
26659 127
26689 124
26719 134
26749 125
26779 128
26809 137
26839 128
26869 133
26899 126
26929 122
26959 124
26989 121
27019 129
27049 128
27079 130
27109 129
27139 127
27169 130
27199 134
27229 129
27259 125
27289 131
27319 128
27349 124
27379 128
27409 133
27439 130
27469 131
27499 125
27529 120
27559 131
27589 127
27619 128
27649 129
27679 127
27709 119
27739 125
27769 126
27799 120
27829 123
27859 122
27889 120
27919 123
27949 121
27979 126
28009 127
28039 125
28069 127
28099 119
28129 126
28159 119
28189 122
28219 121
28249 122
28279 123
28309 119
28339 122
28369 120
28399 119
28429 124
28459 125
28489 127
28519 124
28549 120
28579 127
28609 114
28639 119
28669 120
28699 131
28729 123
28759 125
28789 121
28819 118
28849 117
28879 115
28909 115

