0.13323441 2124.9296
0.19985698 383.81403
0.26647955 0.702353
0.33309139 1.124524
0.39971396 1.521039
0.46633653 2.081259
0.53294837 1.564686
0.59957094 1.863138
0.66619351 1.862702
0.73280535 2.445577
0.79942792 2.591108
0.86605049 2.715467
0.93267306 2.264034
0.9992849 2.033372
1.0659075 2.14742
1.13253 1.865516
1.1991419 2.008538
1.2657645 1.644773
1.332387 2.358689
1.3989989 1.448438
1.4656214 1.436463
1.532244 1.478891
1.5988558 1.512108
1.6654784 1.148184
1.732101 0.701744
1.7987128 0.837995
1.8653354 0.849379
1.931958 0.680135
1.9985698 0.530773
2.0651924 0.510798
2.1318149 0.55624
2.1984268 0.496785
2.2650493 0.301345
2.3316719 0.472189
2.3982945 0.474526
2.4649063 0.301273
2.5315289 0.362426
2.5981515 0.19929
2.6647633 0.298843
2.7313859 0.327706
2.7980084 0.357635
2.8646203 0.41802
2.9312429 0.270927
2.9978654 0.274673
3.0644773 0.278764
3.1310998 0.27242
3.1977224 0.258569
3.2643342 0.283171
3.3309568 0.400287
3.3975794 0.408521
3.4641912 0.270976
3.5308138 0.563331
3.5974364 0.268989
3.6640482 0.738606
3.7306708 0.619597
3.7972933 0.591992
3.8639159 0.89905
3.9305278 0.492185
3.9971503 0.281184
4.0637729 0.485324
4.1303847 0.561787
4.1970073 0.817526
4.2636299 0.919998
4.3302417 0.612668
4.3968643 0.809685
4.4634869 0.613565
4.5300987 0.73922
4.5967213 1.053053
4.6633438 1.202614
4.7299557 1.533148
4.7965783 0.729903
4.8632008 1.107357
4.9298127 0.877783
4.9964352 1.130783
5.0630578 0.903474
5.1296696 1.1932
5.1962922 0.673055
5.2629148 1.446134
5.3295266 1.27761
5.3961492 0.877731
5.4627718 1.09304
5.5293943 1.065905
5.5960062 0.72711
5.6626287 1.138895
5.7292513 0.63436
5.7958631 0.820878
5.8624857 1.233644
5.9291083 1.087105
5.9957201 0.915743
6.0623427 1.10143
6.1289653 1.226769
6.1955771 1.045364
6.2621997 0.873184
6.3288222 1.207128
6.3954341 1.290595
6.4620567 1.125455
6.5286792 1.414322
6.5952911 1.267297
6.6619136 1.188167
6.7285362 1.42769
6.795148 1.110037
6.8617706 1.261467
6.9283932 1.556476
6.9950158 1.278214
7.0616276 1.266446
7.1282502 1.290631
7.1948727 1.079171
7.2614846 0.894564
7.3281072 1.803536
7.3947297 1.479525
7.4613416 1.172004
7.5279641 1.2223
7.5945867 1.202315
7.6611985 1.373342
7.7278211 1.290262
7.7944437 1.472252
7.8610555 1.155519
7.9276781 0.957707
7.9943007 1.098408
8.0609125 0.979398
8.1275351 1.130975
8.1941576 0.606157
8.2607695 0.798512
8.3273921 0.856274
8.3940146 0.871418
8.4606372 1.021019
8.527249 0.818238
8.5938716 0.662629
8.6604942 0.809478
8.727106 1.018453
8.7937286 0.858183
8.8603512 1.03833
8.926963 0.979867
8.9935856 0.914452
9.0602081 0.797054
9.12682 0.983828
9.1934425 1.008784
9.2600651 1.207164
9.3266769 0.926451
9.3932995 0.717171
9.4599221 0.848108
9.5265339 0.660919
9.5931565 1.390989
9.6597791 0.566275
9.7263909 0.893672
9.7930135 0.646854
9.8596361 0.804948
9.9262479 0.99472
9.9928705 0.968861
10.059493 0.932161
10.126116 0.8596
10.192727 1.181044
10.25935 0.782063
10.325973 1.231768
10.392584 0.846565
10.459207 1.000586
10.52583 0.867413
10.592441 1.024903
10.659064 1.045498
10.725687 0.954115
10.792298 0.989484
10.858921 1.071137
10.925544 0.863557
10.992155 0.884486
11.058778 1.218744
11.125401 0.837309
11.192012 0.77079
11.258635 1.18832
11.325257 0.949155
11.391869 1.500554
11.458492 0.97702
11.525114 1.478
11.591737 0.87253
11.658349 1.372891
11.724971 0.908798
11.791594 0.903713
11.858206 1.162629
11.924828 0.945441
11.991451 1.340929
12.058063 1.060192
12.124685 1.161016
12.191308 0.856861
12.25792 1.069877
12.324542 1.044495
12.391165 0.788551
12.457777 0.924216
12.524399 0.917852
12.591022 0.909372
12.657634 1.622331
12.724256 0.708244
12.790879 0.936971
12.857491 0.896427
12.924113 1.361961
12.990736 1.125165
13.057358 1.020827
13.12397 1.002337
13.190593 0.823098
13.257215 1.007506
13.323827 0.785497
13.39045 0.928922
13.457072 0.726846
13.523684 1.111362
13.590307 1.072234
13.656929 0.684592
13.723541 0.797801
13.790164 1.138931
13.856786 0.893152
13.923398 0.928096
13.990021 0.960541
14.056643 1.092366
14.123255 0.942046
14.189878 1.341973
14.2565 1.141441
14.323112 0.932226
14.389735 0.857308
14.456357 1.389006
14.522969 0.916732
14.589592 1.193609
14.656214 1.391364
14.722837 1.056921
14.789449 1.356443
14.856071 0.898867
14.922694 0.872829
14.989306 1.012936
15.055928 1.102675
15.122551 0.948564
15.189163 1.018877
15.255785 1.090078
15.322408 1.04676
15.38902 1.077641
15.455642 0.907656
15.522265 0.902275
15.588877 0.77984
15.655499 0.763846
15.722122 0.860623
15.788734 0.762414
15.855356 1.071148
15.921979 0.713475
15.988591 1.228459
16.055213 0.693127
16.121836 0.784695
16.188458 0.786787
16.25507 1.190719
16.321693 0.780849
16.388315 0.885061
16.454927 0.892363
16.52155 1.053782
16.588172 0.89276
16.654784 0.841822
16.721407 0.826253
16.788029 0.9591
16.854641 0.715299
16.921264 1.043579
16.987886 0.915728
17.054498 1.038826
17.121121 1.069242
17.187743 0.986274
17.254355 1.145755
17.320978 1.115893
17.3876 1.01296
17.454212 1.015241
17.520835 1.078239
17.587457 1.218178
17.65408 1.186559
17.720692 0.985885
17.787314 0.947338
17.853937 0.93423
17.920549 0.954027
17.987171 0.8306
18.053794 1.018248
18.120406 0.940955
18.187028 0.981666
18.253651 1.020693
18.320263 0.795709
18.386885 0.943904
18.453508 1.311554
18.520119 1.002068
18.586742 1.142256
18.653365 1.14487
18.719976 0.894985
18.786599 0.941775
18.853222 0.895447
18.919833 1.044083
18.986456 0.801491
19.053079 0.734492
19.11969 1.172893
19.186313 1.104715
19.252936 1.165703
19.319558 0.99019
19.38617 0.90002
19.452793 0.851057
19.519415 0.906788
19.586027 1.000838
19.65265 0.858358
19.719272 1.045113
19.785884 0.84705
19.852507 1.140851
19.919129 0.86799
19.985741 1.177801

