0 0.118456649849
1 0.114804950547
2 0.114557955375
3 0.114075945517
4 0.113923254524
5 0.113636081736
6 0.113374982859
7 0.113521994564
8 0.113066014842
9 0.113266106573
10 0.113226313281
11 0.112831430714
12 0.112877572679
13 0.113033579266
14 0.112979990626
15 0.113321209978
16 0.112893042163
17 0.112954314268
18 0.113061310993
19 0.11339602539
20 0.11354407116
21 0.113822117746
22 0.113681099575
23 0.11419922343
24 0.114335406157
25 0.114639805544
26 0.114898836358
27 0.115077013935
28 0.115317995599
29 0.115585551612
30 0.115925192962
31 0.116064739963
32 0.116521419014
33 0.116615207544
34 0.117090982665
35 0.117020111714
36 0.117384086681
37 0.11733869012
38 0.117771951
39 0.11781689303
40 0.118156348021
41 0.118174562347
42 0.118685164525
43 0.118580829733
44 0.118749226679
45 0.118749355887
46 0.118824508849
47 0.119337783225
48 0.119170570753
49 0.119255772739
50 0.119341067553
51 0.119534495438
52 0.119303514597
53 0.119423096642
54 0.119309599738
55 0.119259825052
56 0.118992681765
57 0.118666679463
58 0.118764831243
59 0.118366770717
60 0.1181067294
61 0.118345750646
62 0.118120365549
63 0.117780601455
64 0.118224001925
65 0.117860551975
66 0.117982766165
67 0.117852971913
68 0.117668954066
69 0.117552681656
70 0.117637370299
71 0.118047432101
72 0.117683212192
73 0.117659402074
74 0.117900228284
75 0.118196945287
76 0.118308275205
77 0.118327852874
78 0.118104112339
79 0.11846494724
80 0.118790034316
81 0.117927211226
82 0.117909529622
83 0.118010930745
84 0.118462387624
85 0.118684632812
86 0.118581662213
87 0.118737395513
88 0.118621300615
89 0.1189414032
90 0.118951980759
91 0.118352965689
92 0.118781138161
93 0.118162780772
94 0.118255940982
95 0.118340271116
96 0.118646357299
97 0.118059368456
98 0.117606117561
99 0.118129210583
100 0.117574569847
101 0.118351861915
102 0.118481310279
103 0.118417964449
104 0.118452952355
105 0.118264203789
106 0.118534161088
107 0.11804055041
108 0.117946072735
109 0.118746501058
110 0.118083727708
111 0.118561276891
112 0.118773943563
113 0.118770528285
114 0.118846942015
115 0.118420258045
116 0.118314722543
117 0.118184549171
118 0.118526036197
119 0.118164374898
120 0.118136455402
121 0.118110544023
122 0.118098020814
123 0.117732552199
124 0.117870062553
125 0.118113544072
126 0.118030133906
127 0.117350799356
128 0.117839906603
129 0.117742639537
130 0.117875282009
131 0.117617549655
132 0.117585422537
133 0.117613126405
134 0.117449300664
135 0.117364671298
136 0.117375836278
137 0.117408684643
138 0.117688832419
139 0.117784347689
140 0.117505802014
141 0.117318214204
142 0.117244657931
143 0.117391210459
144 0.117534767339
145 0.117512502911
146 0.117159748143
147 0.117401047234
148 0.117654618049
149 0.117476164249
