0 0.06 0.571052341598 0.428947658402 0.1069600455 0.8930399545 0.0561910201789 0.624579668643
1 0.06 0.575504132231 0.424495867769 0.111906797777 0.888093202223 0.0583350100422 0.627633814358
2 0.06 0.574192837466 0.425807162534 0.107034836138 0.892965163862 0.055922764525 0.629133496872
3 0.06 0.576837465565 0.423162534435 0.103604084392 0.896395915608 0.0538821196142 0.635497599147
4 0.06 0.588782369146 0.411217630854 0.0943510256319 0.905648974368 0.0480743126372 0.660707790535
5 0.06 0.592628099174 0.407371900826 0.0756272656194 0.924372734381 0.0382840093433 0.680733795707
6 0.06 0.594148760331 0.405851239669 0.0641221374046 0.935877862595 0.032376809489 0.691788841171
7 0.06 0.598280991736 0.401719008264 0.0653817484826 0.934618251517 0.0327848031539 0.697964173183
8 0.06 0.598027548209 0.401972451791 0.0593466553288 0.940653344671 0.029771198086 0.702028216472
9 0.06 0.597619834711 0.402380165289 0.0601884653535 0.939811534646 0.0302140902248 0.700689260345
10 0.06 0.597421487603 0.402578512397 0.057724355565 0.942275644435 0.028986748935 0.702180281922
11 0.06 0.598523415978 0.401476584022 0.0575092355783 0.942490764422 0.0288255567166 0.704268295037
12 0.06 0.5991184573 0.4008815427 0.0580425290213 0.941957470979 0.0290639663896 0.704914572496
13 0.06 0.597487603306 0.402512396694 0.0555122020431 0.944487797957 0.0278728136296 0.703944379637
14 0.06 0.597564738292 0.402435261708 0.0559849666714 0.944015033329 0.0281065613902 0.703726877204
15 0.06 0.597652892562 0.402347107438 0.057341319063 0.942658680937 0.0287832551854 0.702869733753
16 0.06 0.598214876033 0.401785123967 0.0553271425533 0.944672857447 0.0277461217215 0.705356769897
17 0.06 0.597961432507 0.402038567493 0.0556519890892 0.944348010911 0.0279208588032 0.704669716241
18 0.06 0.597245179063 0.402754820937 0.0541812648193 0.945818735181 0.0272155892012 0.70451204009
19 0.06 0.597134986226 0.402865013774 0.0537919807481 0.946208019252 0.0270250355392 0.70460922659
20 0.06 0.596870523416 0.403129476584 0.0567586694975 0.943241330502 0.0285281316152 0.701939241825
21 0.06 0.596870523416 0.403129476584 0.0563634433712 0.943636556629 0.0283294824388 0.702233360327
22 0.06 0.597344352617 0.402655647383 0.0556694471936 0.944330552806 0.0279584699929 0.703576784986
23 0.06 0.596749311295 0.403250688705 0.0562449181603 0.94375508184 0.0282756513141 0.702110455065
24 0.06 0.596462809917 0.403537190083 0.0559717314488 0.944028268551 0.028151829679 0.701815068166
25 0.06 0.595922865014 0.404077134986 0.053580264367 0.946419735633 0.0269734226589 0.702652776182
26 0.06 0.596451790634 0.403548209366 0.0532881020531 0.946711897947 0.0268025528081 0.70379092954
27 0.06 0.596826446281 0.403173553719 0.0528508384819 0.947149161518 0.0265659332682 0.704770305082
28 0.06 0.596760330579 0.403239669421 0.0541065189002 0.9458934811 0.0272001251396 0.703720555909
29 0.06 0.595691460055 0.404308539945 0.0548477040906 0.945152295909 0.0276222043299 0.701310164785
30 0.06 0.595151515152 0.404848484848 0.0543857792826 0.945614220717 0.0274144203105 0.700717124633
31 0.06 0.596011019284 0.403988980716 0.0549462175983 0.945053782402 0.0276569807372 0.701791752384
32 0.06 0.596121212121 0.403878787879 0.0548157542451 0.945184245755 0.0275862122319 0.702080134527
33 0.06 0.596396694215 0.403603305785 0.0549462175983 0.945053782402 0.0276390956546 0.702462369997
34 0.06 0.596231404959 0.403768595041 0.0569455211784 0.943054478822 0.0286527281378 0.700689323343
35 0.06 0.596253443526 0.403746556474 0.0587675721383 0.941232427862 0.0295684189884 0.699373713115
36 0.06 0.59564738292 0.40435261708 0.0572232975541 0.942776702446 0.0288207247417 0.699471201093
37 0.06 0.595228650138 0.404771349862 0.0569840655669 0.943015934433 0.0287204247747 0.698924912611
38 0.06 0.59476584022 0.40523415978 0.0558445209812 0.944155479019 0.0281679867293 0.698970303638
39 0.06 0.594754820937 0.405245179063 0.0543875685558 0.945612431444 0.027433607921 0.700029868557
40 0.06 0.593950413223 0.406049586777 0.0522078469976 0.947792153002 0.0263698008295 0.700253503908
41 0.06 0.593917355372 0.406082644628 0.0531346640427 0.946865335957 0.026839423143 0.69951179777
42 0.06 0.594336088154 0.405663911846 0.0540312664676 0.945968733532 0.0272730871696 0.699570782051
43 0.06 0.59476584022 0.40523415978 0.0547401685393 0.945259831461 0.027610951153 0.69978786979
44 0.06 0.59467768595 0.40532231405 0.054760816843 0.945239183157 0.0276254607177 0.699620388806
45 0.06 0.594446280992 0.405553719008 0.052154672848 0.947845327152 0.0263209685294 0.701149033576
46 0.06 0.595195592287 0.404804407713 0.0526241782965 0.947375821704 0.0265244798408 0.702098942342
47 0.06 0.594964187328 0.405035812672 0.052535340038 0.947464659962 0.0264900011582 0.70176361965
48 0.06 0.595349862259 0.404650137741 0.0513793709366 0.948620629063 0.025890341559 0.703289489305
49 0.06 0.594909090909 0.405090909091 0.0519475957992 0.948052404201 0.0261960675638 0.702103441172
50 0.06 0.595283746556 0.404716253444 0.0532729315915 0.946727068408 0.0268474984743 0.701770976841
51 0.06 0.595515151515 0.404484848485 0.0540531048047 0.945946895195 0.0272300904522 0.701593816484
52 0.06 0.594115702479 0.405884297521 0.0540028754778 0.945997124522 0.0272688679591 0.699211916032
53 0.06 0.594743801653 0.405256198347 0.0532280701754 0.946771929825 0.0268492433351 0.70086917882
54 0.06 0.593223140496 0.406776859504 0.0524526979678 0.947547302032 0.0265259534164 0.698820948065
55 0.06 0.593807162534 0.406192837466 0.0528087523669 0.947191247633 0.0266797484262 0.699562739862
56 0.06 0.592936639118 0.407063360882 0.0524250070087 0.947574992991 0.0265247600924 0.698349508248
57 0.06 0.592462809917 0.407537190083 0.0540313255545 0.945968674445 0.0273593504858 0.696355103877
58 0.06 0.592209366391 0.407790633609 0.0538402296436 0.946159770356 0.0272742543596 0.696062900207
59 0.06 0.592396694215 0.407603305785 0.0515702132129 0.948429786787 0.0261160538453 0.698053553536
60 0.06 0.592341597796 0.407658402204 0.0536101967925 0.946389803208 0.0271516623137 0.696457964382
61 0.06 0.592727272727 0.407272727273 0.0535451809337 0.946454819066 0.0271010885094 0.697165380116
62 0.06 0.592826446281 0.407173553719 0.0522777408173 0.947722259183 0.0264551663367 0.698269018599
63 0.06 0.592319559229 0.407680440771 0.0517229303824 0.948277069618 0.0261968035209 0.697809098585
64 0.06 0.592044077135 0.407955922865 0.0531360408577 0.946863959142 0.0269250430381 0.696298722048
65 0.06 0.592451790634 0.407548209366 0.053406547286 0.946593452714 0.0270434901862 0.696796180888
66 0.06 0.591878787879 0.408121212121 0.0533822758259 0.946617724174 0.0270573689677 0.695835719433
67 0.06 0.591889807163 0.408110192837 0.0534815436242 0.946518456376 0.0271071792301 0.695781536203
68 0.06 0.591713498623 0.408286501377 0.0512435377952 0.948756462205 0.0259805824514 0.697125517746
69 0.06 0.591129476584 0.408870523416 0.0506342383898 0.94936576161 0.0256970293627 0.696576818753
70 0.06 0.59129476584 0.40870523416 0.0513259494777 0.948674050522 0.0260407934128 0.696350796049
71 0.06 0.591636363636 0.408363636364 0.0519416966689 0.948058303331 0.0263379838671 0.696480944121
72 0.06 0.591680440771 0.408319559229 0.0516018586451 0.948398141355 0.0261637135974 0.696805812937
73 0.06 0.592231404959 0.407768595041 0.0520742319925 0.947925768008 0.0263786578471 0.697399784732
74 0.06 0.591834710744 0.408165289256 0.0510553536483 0.948944646352 0.0258798712148 0.697470856535
75 0.06 0.591757575758 0.408242424242 0.0512238555815 0.948776144418 0.0259686691037 0.697215248645
76 0.06 0.59164738292 0.40835261708 0.0524975582531 0.947502441747 0.0266193478254 0.696091369652
77 0.06 0.591669421488 0.408330578512 0.0524847428073 0.947515257193 0.0266118583627 0.696138354843
78 0.06 0.591845730028 0.408154269972 0.0533458935175 0.946654106482 0.0270404384847 0.695806102834
79 0.06 0.591724517906 0.408275482094 0.0520073947469 0.947992605253 0.0263673685168 0.696583052496
80 0.06 0.591107438017 0.408892561983 0.0515251873802 0.94847481262 0.026150163608 0.695885594998
81 0.06 0.591096418733 0.408903581267 0.0520757084597 0.94792429154 0.026430057843 0.695462941608
82 0.06 0.591173553719 0.408826446281 0.0499477169746 0.950052283025 0.0253467277048 0.697155694061
83 0.06 0.590798898072 0.409201101928 0.0509507557289 0.949049244271 0.0258721313946 0.695782029764
84 0.06 0.590578512397 0.409421487603 0.050928345003 0.949071654997 0.0258704019536 0.695423921607
85 0.06 0.590280991736 0.409719008264 0.0512614998606 0.948738500139 0.0260527616059 0.694674995059
86 0.06 0.589223140496 0.410776859504 0.0499251470947 0.950074852905 0.025419137673 0.693862006286
87 0.06 0.589300275482 0.410699724518 0.0502244961888 0.949775503811 0.0255682026354 0.693773660252
88 0.06 0.589674931129 0.410325068871 0.0515334863342 0.948466513666 0.0262179127586 0.693450085521
89 0.06 0.589223140496 0.410776859504 0.0505567153793 0.949443284621 0.0257406974903 0.693400757117
90 0.06 0.58932231405 0.41067768595 0.0523094045632 0.947690595437 0.0266285884563 0.692287865539
91 0.06 0.589994490358 0.410005509642 0.0518278896657 0.948172110334 0.0263534103349 0.693775147921
92 0.06 0.589961432507 0.410038567493 0.0505444046335 0.949455595366 0.0257022248482 0.694658261908
93 0.06 0.58949862259 0.41050137741 0.0502362423569 0.949763757643 0.0255655774747 0.694100295327
94 0.06 0.590016528926 0.409983471074 0.0501216545012 0.949878345499 0.0254848730725 0.695060956733
95 0.06 0.589432506887 0.410567493113 0.0499930468641 0.950006953136 0.0254446673436 0.694166222902
96 0.06 0.590247933884 0.409752066116 0.0503737180601 0.94962628194 0.0256029958777 0.695268939783
97 0.06 0.590005509642 0.409994490358 0.0515585861397 0.94844141386 0.0262159854258 0.693990848291
98 0.06 0.588958677686 0.411041322314 0.05018232332 0.94981767668 0.0255615505236 0.693227876457
99 0.06 0.588870523416 0.411129476584 0.0491251215109 0.950874878489 0.0250267857997 0.693850671854
100 0.06 0.589190082645 0.410809917355 0.0512134995313 0.948786500469 0.0260765588423 0.692865332884
101 0.06 0.589884297521 0.410115702479 0.0495655196385 0.950434480361 0.0252077499843 0.695243665104
102 0.06 0.58923415978 0.41076584022 0.0493334259131 0.950666574087 0.0251173960781 0.694312779449
103 0.06 0.588628099174 0.411371900826 0.0489978500589 0.951002149941 0.0249722278606 0.693534595847
104 0.06 0.589333333333 0.410666666667 0.0504353255403 0.94956467446 0.0256740910556 0.693675492706
105 0.06 0.589179063361 0.410820936639 0.0504545770005 0.949545423 0.0256906160477 0.693400947942
106 0.06 0.589432506887 0.410567493113 0.0514733955781 0.948526604422 0.0261981117312 0.693084538109
107 0.06 0.589443526171 0.410556473829 0.0517109738322 0.948289026168 0.0263185385213 0.692929538285
108 0.06 0.589245179063 0.410754820937 0.0521407522968 0.947859247703 0.0265462090227 0.69228103924
109 0.06 0.588892561983 0.411107438017 0.0519219437801 0.94807805622 0.026450636567 0.691846925072
110 0.06 0.588110192837 0.411889807163 0.0501749887383 0.949825011262 0.0255946875345 0.691805182899
111 0.06 0.588550964187 0.411449035813 0.0521407522968 0.947859247703 0.0265775211338 0.691112992279
112 0.06 0.588495867769 0.411504132231 0.0503362684601 0.94966373154 0.0256601301132 0.692335986803
113 0.06 0.58852892562 0.41147107438 0.0500987423345 0.949901257666 0.0255376108906 0.692564787765
114 0.06 0.588429752066 0.411570247934 0.0511249567324 0.948875043268 0.0260651113678 0.691649880936
115 0.06 0.588242424242 0.411757575758 0.0507758381823 0.949224161818 0.0258953635898 0.691589579187
116 0.06 0.588077134986 0.411922865014 0.0508257452481 0.949174254752 0.0259281013787 0.691275723226
117 0.06 0.58791184573 0.41208815427 0.0503288335064 0.949671166494 0.0256818265554 0.691360202898
118 0.06 0.588462809917 0.411537190083 0.0512935960932 0.948706403907 0.0261496199397 0.69158250586
119 0.06 0.587768595041 0.412231404959 0.0505193905817 0.949480609418 0.0257853469926 0.690981277504
120 0.06 0.58738292011 0.41261707989 0.0494727744166 0.950527225583 0.0252677287964 0.691096373788
121 0.06 0.587944903581 0.412055096419 0.0499740439522 0.950025956048 0.0254993505248 0.691673975862
122 0.06 0.588672176309 0.411327823691 0.0513113279358 0.948688672064 0.0261493561277 0.69192158961
123 0.06 0.58879338843 0.41120661157 0.0513051305131 0.948694869487 0.0261408151932 0.692130069989
124 0.06 0.588275482094 0.411724517906 0.0500813345793 0.949918665421 0.025539735772 0.692151152609
125 0.06 0.588925619835 0.411074380165 0.0495238095238 0.950476190476 0.0252275369873 0.693652708369
126 0.06 0.587966942149 0.412033057851 0.0509318488296 0.94906815117 0.0259870981743 0.691013596909
127 0.06 0.587515151515 0.412484848485 0.0489829804898 0.95101701951 0.0250119407288 0.691674147308
128 0.06 0.587669421488 0.412330578512 0.0493447214634 0.950655278537 0.0251900403488 0.691669738853
129 0.06 0.587515151515 0.412484848485 0.0489498410944 0.951050158906 0.0249950189207 0.691698249571
130 0.06 0.587691460055 0.412308539945 0.0504251054123 0.949574894588 0.0257406014072 0.69092061109
131 0.06 0.587438016529 0.412561983471 0.0496905148864 0.950309485114 0.0253765572647 0.691030334728
132 0.06 0.587933884298 0.412066115702 0.0509633312617 0.949036668738 0.0260046236266 0.690935240177
133 0.06 0.58685399449 0.41314600551 0.0507233866234 0.949276613377 0.0259298158143 0.689303491296
134 0.06 0.587603305785 0.412396694215 0.0508854903856 0.949114509614 0.025979511969 0.69043801
135 0.06 0.587404958678 0.412595041322 0.0507608958211 0.949239104179 0.0259246513353 0.690196688601
136 0.06 0.587228650138 0.412771349862 0.0494738657927 0.950526134207 0.0252749244001 0.69083728887
137 0.06 0.587140495868 0.412859504132 0.0508439473957 0.949156052604 0.0259787637304 0.689694225109
138 0.06 0.587415977961 0.412584022039 0.0510936314083 0.948906368592 0.0260940968539 0.689973182119
139 0.06 0.588022038567 0.411977961433 0.0523627075351 0.947637292465 0.0267146658292 0.690064067386
140 0.06 0.587988980716 0.412011019284 0.0531107738998 0.9468892261 0.0270978414435 0.689464005899
141 0.06 0.588308539945 0.411691460055 0.0534833166557 0.946516683344 0.0272730955057 0.689727702793
142 0.06 0.587889807163 0.412110192837 0.0522336532486 0.947766346751 0.0266548182732 0.689936596976
143 0.06 0.587460055096 0.412539944904 0.0537148767454 0.946285123255 0.0274307382839 0.688140725482
144 0.06 0.586831955923 0.413168044077 0.0533935403812 0.946606459619 0.0272958245588 0.687327933408
145 0.06 0.587658402204 0.412341597796 0.0539655172414 0.946034482759 0.0275494319688 0.688289385171
146 0.06 0.587327823691 0.412672176309 0.0540084097332 0.945991590267 0.0275868471855 0.687706836983
147 0.06 0.587438016529 0.412561983471 0.0527458889234 0.947254111077 0.0269369128857 0.688808578367
148 0.06 0.587746556474 0.412253443526 0.053889943074 0.946110056926 0.0275067250401 0.688491561526
149 0.06 0.587327823691 0.412672176309 0.053682250724 0.946317749276 0.02742024908 0.687943944567
150 0.06 0.587129476584 0.412870523416 0.0535135507896 0.94648644921 0.0273433133187 0.687736030206
151 0.06 0.587184573003 0.412815426997 0.0528874332012 0.947112566799 0.0270208562858 0.688282829221
