0 0.06 0.966214876033 0.0337851239669 0.747488057981 0.252511942019 0.100571260025 0.971627408994
1 0.06 0.967074380165 0.0329256198347 0.745787234043 0.254212765957 0.10025324051 1.00370652824
2 0.06 0.966898071625 0.0331019283747 0.743860845839 0.256139154161 0.100012517138 1.00592598909
3 0.06 0.967691460055 0.0323085399449 0.749037062398 0.250962937602 0.100625893822 1.00980056492
4 0.06 0.968286501377 0.0317134986226 0.753215571943 0.246784428057 0.101125053601 1.01161893329
5 0.06 0.968044077135 0.031955922865 0.750494879077 0.249505120923 0.100785012361 1.01501264279
6 0.06 0.967713498623 0.0322865013774 0.747653087589 0.252346912411 0.10043768277 1.01606235466
7 0.06 0.967239669421 0.0327603305785 0.7437510774 0.2562489226 0.0999624427314 1.01685054301
8 0.06 0.968330578512 0.0316694214876 0.751577491572 0.248422508428 0.100900535491 1.01975105886
9 0.06 0.968517906336 0.0314820936639 0.753174946004 0.246825053996 0.101095439062 1.0192224622
10 0.06 0.968132231405 0.031867768595 0.750215926758 0.249784073242 0.100738377791 1.01895836932
11 0.06 0.968418732782 0.0315812672176 0.751732501733 0.248267498267 0.100912159087 1.02195945946
12 0.06 0.968253443526 0.0317465564738 0.750497964839 0.249502035161 0.100763633821 1.02169394648
13 0.06 0.968561983471 0.0314380165289 0.753072528994 0.246927471006 0.10107709206 1.0210749524
14 0.06 0.968363636364 0.0316363636364 0.751836805255 0.248163194745 0.100931903071 1.01975105886
15 0.06 0.967217630854 0.032782369146 0.74311372075 0.25688627925 0.0998790557738 1.01869441326
16 0.06 0.968429752066 0.0315702479339 0.751711586793 0.248288413207 0.100908203279 1.02240228789
17 0.06 0.968947658402 0.0310523415978 0.756017316017 0.243982683983 0.101431950663 1.02142857143
18 0.06 0.967977961433 0.0320220385675 0.748528902735 0.251471097265 0.10052786451 1.02089823468
19 0.06 0.967878787879 0.0321212121212 0.748077089275 0.251922910725 0.100477480056 1.01957479907
20 0.06 0.968451790634 0.0315482093664 0.752613842565 0.247386157435 0.101027021148 1.01939860019
21 0.06 0.968429752066 0.0315702479339 0.752910737387 0.247089262613 0.101069174766 1.01746442432
22 0.06 0.967779614325 0.0322203856749 0.747844084167 0.252155915833 0.100456477387 1.01737668161
23 0.06 0.967966942149 0.0320330578512 0.750643335049 0.249356664951 0.100812981629 1.01196603191
24 0.06 0.968429752066 0.0315702479339 0.754309235915 0.245690764085 0.101256906306 1.01170568562
25 0.06 0.96764738292 0.0323526170799 0.748500942265 0.251499057735 0.100558451572 1.01057906459
26 0.06 0.967636363636 0.0323636363636 0.749402730375 0.250597269625 0.100680750135 1.00661262799
27 0.06 0.9671184573 0.0328815426997 0.745782927245 0.254217072755 0.100248092475 1.00506900665
28 0.06 0.966721763085 0.0332782369146 0.742781705136 0.257218294864 0.0998856396482 1.00481219658
29 0.06 0.966997245179 0.0330027548209 0.745539507222 0.254460492778 0.100227933866 1.0023364486
30 0.06 0.967316804408 0.0326831955923 0.748920680606 0.251079319394 0.100649226846 0.998687886227
31 0.06 0.966831955923 0.0331680440771 0.745303773904 0.254696226096 0.100213372152 0.998265357929
32 0.06 0.966170798898 0.0338292011019 0.741168535537 0.258831464463 0.0997255451413 0.994646319872
33 0.06 0.96667768595 0.0333223140496 0.745347368421 0.254652631579 0.100235227629 0.993473684211
34 0.06 0.966975206612 0.0330247933884 0.749162759545 0.250837240455 0.100717327678 0.987404852944
35 0.06 0.965663911846 0.0343360881543 0.739421307911 0.260578692089 0.0995426761312 0.986578023081
36 0.06 0.966909090909 0.0330909090909 0.748996655518 0.251003344482 0.100701882041 0.986084567606
37 0.06 0.966600550964 0.0333994490358 0.747016108839 0.252983891161 0.100467658592 0.984684083132
38 0.06 0.966688705234 0.0333112947658 0.748293089092 0.251706910908 0.100630224658 0.982306411324
39 0.06 0.965862258953 0.0341377410468 0.742795448883 0.257204551117 0.0999763759891 0.97946116585
40 0.06 0.966292011019 0.0337079889807 0.7462463708 0.2537536292 0.100396181587 0.978639568644
41 0.06 0.965652892562 0.034347107438 0.741284860558 0.258715139442 0.0997946908406 0.979208167331
42 0.06 0.966159779614 0.0338402203857 0.746198347107 0.253801652893 0.10040346035 0.975
43 0.06 0.967515151515 0.0324848484848 0.756303215673 0.243696784327 0.10162054608 0.975241795486
44 0.06 0.965245179063 0.0347548209366 0.739554087531 0.260445912469 0.0996037415823 0.974194880264
45 0.06 0.965961432507 0.0340385674931 0.744898802148 0.255101197852 0.100249182856 0.9742817681
46 0.06 0.966479338843 0.033520661157 0.748740398117 0.251259601883 0.100712190984 0.974436276534
47 0.06 0.966170798898 0.0338292011019 0.74773960217 0.25226039783 0.100609693848 0.96939480241
48 0.06 0.966060606061 0.0339393939394 0.746105020196 0.253894979804 0.100401208803 0.972508449427
49 0.06 0.965520661157 0.034479338843 0.742447938102 0.257552061898 0.0999649575987 0.971067577578
50 0.06 0.965223140496 0.0347768595041 0.740777257415 0.259222742585 0.099770757065 0.969005166554
51 0.06 0.966457300275 0.0335426997245 0.750102618833 0.249897381167 0.100897722455 0.968516542156
52 0.06 0.965641873278 0.0343581267218 0.743669845446 0.256330154554 0.100116909367 0.969870108517
53 0.06 0.966633608815 0.0333663911846 0.750925392778 0.249074607222 0.100989971972 0.970428559678
54 0.06 0.965785123967 0.0342148760331 0.744654605263 0.255345394737 0.100234613561 0.970189144737
55 0.06 0.965851239669 0.0341487603306 0.744728171334 0.255271828666 0.100237653892 0.971787479407
56 0.06 0.965674931129 0.0343250688705 0.742561983471 0.257438016529 0.0999643407314 0.975
57 0.06 0.965961432507 0.0340385674931 0.744033808419 0.255966191581 0.100132771185 0.977585349685
58 0.06 0.9648815427 0.0351184573003 0.736763855621 0.263236144379 0.0992653470836 0.974436276534
59 0.06 0.965785123967 0.0342148760331 0.743324791271 0.256675208729 0.10005561327 0.975241795486
60 0.06 0.964077134986 0.0359228650138 0.729410787002 0.270589212998 0.0983566551567 0.979225840595
61 0.06 0.960639118457 0.0393608815427 0.705814241998 0.294185758002 0.0955154226981 0.971628353871
62 0.06 0.957344352617 0.0426556473829 0.685437054238 0.314562945762 0.0930770801617 0.958681568749
63 0.06 0.948815426997 0.0511845730028 0.629839313962 0.370160686038 0.0862961419949 0.940144390426
64 0.06 0.935151515152 0.0648484848485 0.554728220402 0.445271779598 0.0771154914298 0.892624268446
65 0.06 0.920209366391 0.0797906336088 0.462383488682 0.537616511318 0.0653219318603 0.875919181367
66 0.06 0.907338842975 0.0926611570248 0.39701120797 0.60298879203 0.0568822303109 0.845969826849
67 0.06 0.896804407713 0.103195592287 0.347335215009 0.652664784991 0.0503494157286 0.822190368492
68 0.06 0.888297520661 0.111702479339 0.300606866739 0.699393133261 0.0439930223457 0.813957826739
69 0.06 0.883680440771 0.116319559229 0.279031049696 0.720968950304 0.0410488167293 0.805762712316
70 0.06 0.879625344353 0.120374655647 0.262082710513 0.737917289487 0.0387332545446 0.796922301604
71 0.06 0.877696969697 0.122303030303 0.253770926571 0.746229073429 0.0375872557308 0.79319195367
72 0.06 0.874567493113 0.125432506887 0.239682408403 0.760317591597 0.0356275682983 0.788003758839
73 0.06 0.873564738292 0.126435261708 0.233308513279 0.766691486721 0.0347199301858 0.788307723078
74 0.06 0.872683195592 0.127316804408 0.23084585374 0.76915414626 0.0343881504052 0.785364033279
75 0.06 0.872683195592 0.127316804408 0.228798148454 0.771201851546 0.0340831122328 0.787454893856
76 0.06 0.870545454545 0.129454545455 0.224824742268 0.775175257732 0.0335734525317 0.778441445616
77 0.06 0.870787878788 0.129212121212 0.225939694341 0.774060305659 0.0337305570965 0.778780185571
78 0.06 0.871008264463 0.128991735537 0.225302002317 0.774697997683 0.0336268454574 0.780753427957
79 0.06 0.871790633609 0.128209366391 0.231041580897 0.768958419103 0.0344525444055 0.779698061827
80 0.06 0.871834710744 0.128165289256 0.229605752542 0.770394247458 0.0342367050343 0.781422589149
81 0.06 0.873223140496 0.126776859504 0.236604554865 0.763395445135 0.0352242063982 0.782803803909
82 0.06 0.873454545455 0.126545454545 0.234307539024 0.765692460976 0.0348729996673 0.786594985055
83 0.06 0.873355371901 0.126644628099 0.241559086395 0.758440913605 0.0359563612267 0.77853534136
84 0.06 0.873652892562 0.126347107438 0.242844180483 0.757155819517 0.0361353390249 0.779046378924
85 0.06 0.873509641873 0.126490358127 0.244881177535 0.755118822465 0.0364444209353 0.776070590473
86 0.06 0.874380165289 0.125619834711 0.250803063998 0.749196936002 0.0372885840897 0.775320250218
87 0.06 0.874292011019 0.125707988981 0.251030163178 0.748969836822 0.0373261116444 0.774541694417
88 0.06 0.875570247934 0.124429752066 0.252722772277 0.747277227723 0.0375229291694 0.78072999416
89 0.06 0.874931129477 0.125068870523 0.247302972906 0.752697027094 0.0367450481469 0.782373848206
90 0.06 0.874809917355 0.125190082645 0.252215293732 0.747784706268 0.0374801285795 0.776515277898
91 0.06 0.875228650138 0.124771349862 0.254579807771 0.745420192229 0.0378134045373 0.776657662971
92 0.06 0.874225895317 0.125774104683 0.247636273946 0.752363726054 0.0368242530739 0.777642461725
93 0.06 0.875074380165 0.124925619835 0.249732223779 0.750267776221 0.0370999195349 0.780743061654
94 0.06 0.873542699725 0.126457300275 0.244756970146 0.755243029854 0.0364245572986 0.776401154122
95 0.06 0.873763085399 0.126236914601 0.241709288896 0.758290711104 0.0359619307357 0.780895134798
96 0.06 0.872495867769 0.127504132231 0.235682455851 0.764317544149 0.035116176927 0.779278906499
97 0.06 0.872330578512 0.127669421488 0.236668317649 0.763331682351 0.0352697498543 0.777266142114
98 0.06 0.871438016529 0.128561983471 0.233377330474 0.766622669526 0.0348149293307 0.775197646673
99 0.06 0.869752066116 0.130247933884 0.231185884284 0.768814115716 0.0345548646882 0.767350637069
100 0.06 0.869333333333 0.130666666667 0.220676598897 0.779323401103 0.0329999515222 0.775347261301
101 0.06 0.865774104683 0.134225895317 0.206238742427 0.793761257573 0.030967704359 0.768770908482
102 0.06 0.864473829201 0.135526170799 0.203091771634 0.796908228366 0.0305410405967 0.764413759179
103 0.06 0.863140495868 0.136859504132 0.196750902527 0.803249097473 0.0296332027648 0.762989631839
104 0.06 0.863173553719 0.136826446281 0.190667871519 0.809332128481 0.0287159206751 0.768953514195
105 0.06 0.862842975207 0.137157024793 0.186629296843 0.813370703157 0.0281184517771 0.770928004378
106 0.06 0.861575757576 0.138424242424 0.184111074597 0.815888925403 0.027779843487 0.766235440012
107 0.06 0.861090909091 0.138909090909 0.177447193228 0.822552806772 0.0267894305654 0.7697974566
108 0.06 0.859074380165 0.140925619835 0.168135034994 0.831864965006 0.0254431456156 0.767372501733
109 0.06 0.858126721763 0.141873278237 0.163153145763 0.836846854237 0.0247165231094 0.766811709737
110 0.06 0.858325068871 0.141674931129 0.162153263643 0.837846736357 0.024559371546 0.768802743422
111 0.06 0.856484848485 0.143515151515 0.157989521938 0.842010478062 0.0239801531671 0.762716416994
112 0.06 0.854435261708 0.145564738292 0.149489170413 0.850510829587 0.0227443704919 0.759568623168
113 0.06 0.854314049587 0.145685950413 0.148075508703 0.851924491297 0.0225324822186 0.760198108016
114 0.06 0.854192837466 0.145807162534 0.147121360811 0.852878639189 0.0223904674291 0.76041684899
115 0.06 0.853818181818 0.146181818182 0.141382699869 0.858617300131 0.0215265396947 0.763571355216
116 0.06 0.853520661157 0.146479338843 0.144366197183 0.855633802817 0.0219884608398 0.759372586228
117 0.06 0.851415977961 0.148584022039 0.135011441648 0.864988558352 0.0206144679786 0.756800839303
118 0.06 0.852418732782 0.147581267218 0.13008661546 0.86991338454 0.0198391463719 0.766281128508
119 0.06 0.85164738292 0.14835261708 0.125500776715 0.874499223285 0.0191571080944 0.76631542648
120 0.06 0.85129476584 0.14870523416 0.128251415443 0.871748584557 0.0195850892976 0.76209365886
121 0.06 0.850512396694 0.149487603306 0.124180327869 0.875819672131 0.0189808434136 0.761645480021
122 0.06 0.850831955923 0.149168044077 0.119092627599 0.880907372401 0.0181963564957 0.76771106788
123 0.06 0.851063360882 0.148936639118 0.124197530864 0.875802469136 0.0189711832919 0.764448034154
124 0.06 0.849619834711 0.150380165289 0.119121999342 0.880878000658 0.0182268107239 0.761497634114
125 0.06 0.848275482094 0.151724517906 0.11428104308 0.88571895692 0.0175138099757 0.758898205698
126 0.06 0.850027548209 0.149972451791 0.12356604392 0.87643395608 0.0188977236602 0.759715620636
127 0.06 0.849619834711 0.150380165289 0.124188378401 0.875811621599 0.0190020154103 0.757117872486
128 0.06 0.848099173554 0.151900826446 0.118673218673 0.881326781327 0.0181907009329 0.754258447784
129 0.06 0.848650137741 0.151349862259 0.113513513514 0.886486486486 0.0173885045209 0.761436062929
130 0.06 0.847669421488 0.152330578512 0.115312525467 0.884687474533 0.0176845217377 0.754998588021
131 0.06 0.847889807163 0.152110192837 0.113091830894 0.886908169106 0.0173394442202 0.757990374169
132 0.06 0.847944903581 0.152055096419 0.110083483385 0.889916516615 0.01687710225 0.760837024767
133 0.06 0.848 0.152 0.111120182887 0.888879817113 0.0170349336973 0.760226159373
134 0.06 0.847801652893 0.152198347107 0.108276087668 0.891723912332 0.0166028119299 0.7616647014
135 0.06 0.84791184573 0.15208815427 0.110520722635 0.889479277365 0.0169447968146 0.760297911513
136 0.06 0.847272727273 0.152727272727 0.1092038581 0.8907961419 0.0167555275841 0.758237192212
137 0.06 0.847988980716 0.152011019284 0.109738134206 0.890261865794 0.016823281636 0.761352980189
138 0.06 0.848396694215 0.151603305785 0.11259307749 0.88740692251 0.0172526604281 0.76095240357
139 0.06 0.848 0.152 0.106894577574 0.893105422426 0.01638714043 0.763840163917
140 0.06 0.848132231405 0.151867768595 0.109702225131 0.890297774869 0.0168149360901 0.762101871936
141 0.06 0.848584022039 0.151415977961 0.10771123872 0.89228876128 0.0165009718189 0.76608519476
142 0.06 0.848870523416 0.151129476584 0.108508014797 0.891491985203 0.0166174246065 0.766852110495
143 0.06 0.848991735537 0.151008264463 0.107703691523 0.892296308477 0.0164918918665 0.768160077295
144 0.06 0.849112947658 0.150887052342 0.113120683986 0.886879316014 0.0173188843235 0.764110036565
145 0.06 0.848804407713 0.151195592287 0.110910285902 0.889089714098 0.0169866426661 0.764451271924
146 0.06 0.848738292011 0.151261707989 0.110031296327 0.889968703673 0.0168533323607 0.764872570961
147 0.06 0.848396694215 0.151603305785 0.10900708052 0.89099291948 0.0167031773748 0.764027399881
148 0.06 0.847614325069 0.152385674931 0.106746651327 0.893253348673 0.016371909089 0.762033146357
149 0.06 0.847625344353 0.152374655647 0.106046894282 0.893953105718 0.0162643747601 0.762685259235
150 0.06 0.847878787879 0.152121212121 0.104462891428 0.895537108572 0.0160166477564 0.765309600752
151 0.06 0.847680440771 0.152319559229 0.102159809477 0.897840190523 0.015667195553 0.766278640505
152 0.06 0.847955922865 0.152044077135 0.108181370133 0.891818629867 0.0165852702223 0.762518501656
153 0.06 0.848209366391 0.151790633609 0.10597982118 0.89402017882 0.0162428962698 0.765677173113
154 0.06 0.848033057851 0.151966942149 0.106271061067 0.893728938933 0.0162909190989 0.764539711193
155 0.06 0.846953168044 0.153046831956 0.102435823833 0.897564176167 0.0157230146846 0.762402863297
156 0.06 0.847140495868 0.152859504132 0.103148573303 0.896851426697 0.0158289145599 0.762731019785
157 0.06 0.84703030303 0.15296969697 0.103606934516 0.896393065484 0.0159013218759 0.761792046538
158 0.06 0.84703030303 0.15296969697 0.100795538424 0.899204461576 0.0154698361419 0.764181287671
159 0.06 0.846964187328 0.153035812672 0.0975148123766 0.902485187623 0.014967487172 0.766638032905
160 0.06 0.847415977961 0.152584022039 0.0995646102029 0.900435389797 0.0152739618593 0.767161588151
161 0.06 0.847702479339 0.152297520661 0.102892833662 0.897107166338 0.0157792016681 0.765763822797
162 0.06 0.848022038567 0.151977961433 0.104432201299 0.895567798701 0.016009237439 0.766057214702
163 0.06 0.847614325069 0.152385674931 0.103289473684 0.896710526316 0.0158416760805 0.764982459629
