0 0.953419084409
1 0.954528643051
2 0.954919043314
3 0.956172433632
4 0.956768307718
5 0.956316265308
6 0.956008054574
7 0.955083422372
8 0.956747760335
9 0.95697378154
10 0.956254623161
11 0.95652173913
12 0.956460096984
13 0.9567888551
14 0.957035423687
15 0.955042327607
16 0.955946412427
17 0.957466918715
18 0.955802580751
19 0.95633681269
20 0.956871044629
21 0.9567888551
22 0.955740938604
23 0.956090244103
24 0.956234075779
25 0.955103969754
26 0.955782033369
27 0.954302621846
28 0.954343716611
29 0.954302621846
30 0.955288896195
31 0.954467000904
32 0.953809484672
33 0.954056053259
34 0.954672474727
35 0.952679378647
36 0.954569737815
37 0.954199884935
38 0.95415879017
39 0.953377989644
40 0.953809484672
41 0.952309525766
42 0.953254705351
43 0.955494370017
44 0.952658831265
45 0.953460179173
46 0.953398537026
47 0.952741020794
48 0.952864305088
49 0.953008136763
50 0.952473904825
51 0.953480726555
52 0.953295800115
53 0.954138242788
54 0.953377989644
55 0.954179337552
56 0.952576641736
57 0.953419084409
58 0.951878030739
59 0.954199884935
60 0.951097230213
61 0.94480973124
62 0.941398865784
63 0.928310183283
64 0.909817539246
65 0.88770855593
66 0.869195364511
67 0.854175228076
68 0.842155009452
69 0.834634667543
70 0.829723843182
71 0.827299252075
72 0.823497986357
73 0.82189529054
74 0.819367962522
75 0.819737815402
76 0.817292676913
77 0.816347497329
78 0.817189940002
79 0.818073477439
80 0.817333771677
81 0.819922741843
82 0.819922741843
83 0.821135037396
84 0.820929563574
85 0.820313142106
86 0.824114407824
87 0.822943207035
88 0.82388838662
89 0.822778827977
90 0.824196597353
91 0.824443165941
92 0.82208021698
93 0.82388838662
94 0.822573354155
95 0.820580258075
96 0.818607709378
97 0.818730993671
98 0.818320046026
99 0.816614613298
100 0.816758444974
101 0.811683241555
102 0.811231199145
103 0.806895701488
104 0.807471028191
105 0.806382016931
106 0.804245089176
107 0.804512205145
108 0.801409550423
109 0.801142434454
110 0.800936960631
111 0.799827401989
112 0.79756718994
113 0.796622010356
114 0.795943946741
115 0.796046683653
116 0.795594641243
117 0.79275910249
118 0.793498808252
119 0.793067313224
120 0.791176954056
121 0.790992027616
122 0.791772828142
123 0.791238596203
124 0.790478343059
125 0.789245500123
126 0.79039615353
127 0.789142763212
128 0.787334593573
129 0.788464699597
130 0.788629078655
131 0.787930467658
132 0.789019478918
133 0.788875647243
134 0.788526341744
135 0.788978384154
136 0.787231856661
137 0.787088024986
138 0.78840305745
139 0.787314046191
140 0.788053751952
141 0.788464699597
142 0.789060573683
143 0.788341415304
144 0.788423604833
145 0.788320867921
146 0.787992109805
147 0.787190761897
148 0.786101750637
149 0.787005835457
