0 0.06 0.620848484848 0.379151515152 0.134668789573 0.865331210427 0.0650732632162 0.684685021038
1 0.06 0.647790633609 0.352209366391 0.155396939899 0.844603060101 0.0719662797685 0.7194042584
2 0.06 0.651041322314 0.348958677686 0.157830637488 0.842169362512 0.0727283962224 0.724013543463
3 0.06 0.651096418733 0.348903581267 0.154853444994 0.845146555006 0.0713504669381 0.726687773112
4 0.06 0.653134986226 0.346865013774 0.157820537245 0.842179462755 0.072490621651 0.728392397023
5 0.06 0.654732782369 0.345267217631 0.157412707499 0.842587292501 0.0721268485728 0.732117545028
6 0.06 0.655239669421 0.344760330579 0.158760447277 0.841239552723 0.0726881115503 0.732021185249
7 0.06 0.653796143251 0.346203856749 0.158231707317 0.841768292683 0.0726059838149 0.729427136301
8 0.06 0.652319559229 0.347680440771 0.158786356023 0.841213643977 0.0730254154315 0.725850705416
9 0.06 0.651261707989 0.348738292011 0.159381176828 0.840618823172 0.0734180322011 0.723137242823
10 0.06 0.650391184573 0.349608815427 0.158926807023 0.841073192977 0.0733067163851 0.721726531938
11 0.06 0.648672176309 0.351327823691 0.153020185157 0.846979814843 0.0707692687058 0.72323888778
12 0.06 0.64941046832 0.35058953168 0.154065241332 0.845934758668 0.0711715850828 0.723867670503
13 0.06 0.646655647383 0.353344352617 0.152007285422 0.847992714578 0.070520045423 0.719971360768
14 0.06 0.644077134986 0.355922865014 0.148099010652 0.851900989348 0.0689819600512 0.718049672911
15 0.06 0.642820936639 0.357179063361 0.143328904916 0.856671095084 0.0668905896243 0.719530775704
16 0.06 0.638446280992 0.361553719008 0.127767860534 0.872232139466 0.06003693545 0.723736551674
17 0.06 0.635537190083 0.364462809917 0.114836355343 0.885163644657 0.0542075383477 0.728604088459
18 0.06 0.635371900826 0.364628099174 0.10487276047 0.89512723953 0.0495171852896 0.73647141421
19 0.06 0.633355371901 0.366644628099 0.0916296886259 0.908370311374 0.0434020264252 0.743256746526
20 0.06 0.632925619835 0.367074380165 0.0855482989064 0.914451701094 0.0405489821673 0.747356735179
21 0.06 0.633333333333 0.366666666667 0.0803130461211 0.919686953879 0.0380430218468 0.752471144083
22 0.06 0.631845730028 0.368154269972 0.0741021942146 0.925897805785 0.0351836804585 0.754491701961
23 0.06 0.632782369146 0.367217630854 0.0732763532764 0.926723646724 0.0347400734514 0.757090811164
24 0.06 0.633983471074 0.366016528926 0.0730249381306 0.926975061869 0.0345552880141 0.759781312
25 0.06 0.631867768595 0.368132231405 0.0685061484743 0.931493851526 0.0325255465839 0.759097225449
26 0.06 0.633344352617 0.366655647383 0.0682519721047 0.931748027895 0.0323293190297 0.762362206511
27 0.06 0.633840220386 0.366159779614 0.0679038219716 0.932096178028 0.032139245722 0.763679871402
28 0.06 0.633454545455 0.366545454545 0.0665217225464 0.933478277454 0.0315042601038 0.764007518749
29 0.06 0.633696969697 0.366303030303 0.0678488526961 0.932151147304 0.0321204878391 0.763426237451
30 0.06 0.633564738292 0.366435261708 0.0658215319019 0.934178468098 0.031167232608 0.76481051284
31 0.06 0.632980716253 0.367019283747 0.0653953028054 0.934604697195 0.0309939787072 0.763941900535
32 0.06 0.632804407713 0.367195592287 0.0654490106545 0.934550989346 0.0310280759063 0.763531215225
33 0.06 0.632760330579 0.367239669421 0.0627095397745 0.937290460226 0.0297314180792 0.765677462107
34 0.06 0.633432506887 0.366567493113 0.0652572126393 0.934742787361 0.0309064716113 0.764996464435
35 0.06 0.63314600551 0.36685399449 0.0642086399512 0.935791360049 0.0304236176454 0.765256511394
36 0.06 0.633024793388 0.366975206612 0.0631053153359 0.936894684664 0.0299065610044 0.765905707894
37 0.06 0.633212121212 0.366787878788 0.0650282399634 0.934971760037 0.0308087469199 0.764724093222
38 0.06 0.632661157025 0.367338842975 0.0623093349603 0.93769066504 0.0295463065506 0.765797586864
39 0.06 0.632297520661 0.367702479339 0.0619371088383 0.938062891162 0.0293866922522 0.765343948332
40 0.06 0.63244077135 0.36755922865 0.0625524448852 0.937447555115 0.0296719223612 0.765139995443
41 0.06 0.632407713499 0.367592286501 0.061596000458 0.938403999542 0.0292197576705 0.76585176077
42 0.06 0.63332231405 0.36667768595 0.0632113665877 0.936788633412 0.0299427472483 0.766440393817
43 0.06 0.632650137741 0.367349862259 0.0626813253932 0.937318674607 0.0297232174565 0.765470825694
44 0.06 0.633344352617 0.366655647383 0.0631912134849 0.936808786515 0.0299321592861 0.76650295164
45 0.06 0.633719008264 0.366280991736 0.064049192224 0.935950807776 0.0303206269918 0.766584258174
46 0.06 0.633630853994 0.366369146006 0.0634478016731 0.936552198327 0.0300401099188 0.766892252149
47 0.06 0.632991735537 0.367008264463 0.0624642052613 0.937535794739 0.0296042752636 0.766360776189
48 0.06 0.633840220386 0.366159779614 0.064613388291 0.935386611709 0.0305818656877 0.766375771277
49 0.06 0.634424242424 0.365575757576 0.0644286587229 0.935571341277 0.0304663604011 0.767751680922
50 0.06 0.634633608815 0.365366391185 0.0646836458055 0.935316354195 0.0305768453988 0.767982258435
51 0.06 0.634490358127 0.365509641873 0.0623878431522 0.937612156848 0.0294982464366 0.769565600548
52 0.06 0.634027548209 0.365972451791 0.0621423666743 0.937857633326 0.0294036277366 0.768793630835
