0 0.06 0.967316804408 0.0326831955923 0.748878164423 0.251121835577 0.100643512995 0.998856997714
1 0.06 0.96773553719 0.0322644628099 0.746754370781 0.253245629219 0.100314667046 1.02037749683
2 0.06 0.962269972452 0.0377300275482 0.708653929282 0.291346070718 0.0957371771374 1.00384207631
3 0.06 0.945994490358 0.0540055096419 0.597885432013 0.402114567987 0.0821623243623 0.967954828775
4 0.06 0.931129476584 0.068870523416 0.509038762385 0.490961237615 0.0710696425945 0.926738432122
5 0.06 0.920253443526 0.0797465564738 0.440966788385 0.559033211615 0.0622933637394 0.911316058316
6 0.06 0.913201101928 0.0867988980716 0.405742712515 0.594257287485 0.0577600623955 0.890027973734
7 0.06 0.906545454545 0.0934545454545 0.362352941176 0.637647058824 0.0519619640877 0.886999313344
8 0.06 0.901520661157 0.098479338843 0.335721775603 0.664278224397 0.0484113484125 0.876896313341
9 0.06 0.896 0.104 0.308927480583 0.691072519417 0.0448220674953 0.863840649271
10 0.06 0.891790633609 0.108209366391 0.284268388448 0.715731611552 0.0414389758151 0.859861882616
11 0.06 0.889223140496 0.110776859504 0.277045315638 0.722954684362 0.0405026470778 0.84840922001
12 0.06 0.886380165289 0.113619834711 0.252685824089 0.747314175911 0.0370598964395 0.855051788411
13 0.06 0.884209366391 0.115790633609 0.245024441341 0.754975558659 0.03602447405 0.847623158858
14 0.06 0.880385674931 0.119614325069 0.231237498913 0.768762501087 0.0341451203883 0.835511341002
15 0.06 0.878633608815 0.121366391185 0.218151757745 0.781848242255 0.0322770813935 0.837466373525
16 0.06 0.877454545455 0.122545454545 0.207903479629 0.792096520371 0.0308021110516 0.840280433331
17 0.06 0.876011019284 0.123988980716 0.205282952856 0.794717047144 0.0304639819406 0.833245144302
18 0.06 0.873719008264 0.126280991736 0.191921835471 0.808078164529 0.0285559068478 0.831876278014
19 0.06 0.873013774105 0.126986225895 0.187222173799 0.812777826201 0.0278791507257 0.83206754639
20 0.06 0.871526170799 0.128473829201 0.179618832129 0.820381167871 0.0267925955172 0.830126668492
21 0.06 0.870446280992 0.129553719008 0.17284381268 0.82715618732 0.0258139946589 0.83000553882
22 0.06 0.868947658402 0.131052341598 0.169788202346 0.830211797654 0.025401376126 0.823545252067
23 0.06 0.867460055096 0.132539944904 0.161730013106 0.838269986894 0.0242373139608 0.822205700896
24 0.06 0.868143250689 0.131856749311 0.160101540616 0.839898459384 0.0239743847154 0.828071375111
25 0.06 0.867228650138 0.132771349862 0.153677758319 0.846322241681 0.0230367257565 0.828656871627
26 0.06 0.866732782369 0.133267217631 0.150477358325 0.849522641675 0.0225698819523 0.828695499021
27 0.06 0.867702479339 0.132297520661 0.149428320141 0.850571679859 0.0223874911976 0.83580038257
28 0.06 0.866093663912 0.133906336088 0.145542380325 0.854457619675 0.0218458005532 0.829531251491
29 0.06 0.865300275482 0.134699724518 0.13973226004 0.86026773996 0.0209929365793 0.830252671971
30 0.06 0.865421487603 0.134578512397 0.140159831387 0.859840168613 0.021054224261 0.830587438731
31 0.06 0.8648815427 0.1351184573 0.13656696781 0.86343303219 0.0205273265052 0.830725101718
32 0.06 0.866159779614 0.133840220386 0.139426460239 0.860573539761 0.0209262081405 0.835881470058
33 0.06 0.864815426997 0.135184573003 0.13927943761 0.86072056239 0.020936637257 0.827710371275
34 0.06 0.86514600551 0.13485399449 0.135661991709 0.864338008291 0.0203850665781 0.833226642656
35 0.06 0.864407713499 0.135592286501 0.129401408451 0.870598591549 0.0194609358939 0.834692148216
36 0.06 0.864385674931 0.135614325069 0.125033065867 0.874966934133 0.0188044515708 0.838743999791
37 0.06 0.864914600551 0.135085399449 0.126235875706 0.873764124294 0.0189737389464 0.840870565002
38 0.06 0.864672176309 0.135327823691 0.128459022191 0.871540977809 0.0193132997017 0.837228620284
39 0.06 0.863922865014 0.136077134986 0.127009362303 0.872990637697 0.0191119112228 0.834003324012
40 0.06 0.864253443526 0.135746556474 0.121990084986 0.878009915014 0.0183496070128 0.840841137461
41 0.06 0.864385674931 0.135614325069 0.12732259777 0.87267740223 0.019148787619 0.836549252686
42 0.06 0.863746556474 0.136253443526 0.120155724651 0.879844275349 0.0180842911471 0.839463229958
43 0.06 0.86258953168 0.13741046832 0.121405185382 0.878594814618 0.0182968532772 0.831212696508
44 0.06 0.863019283747 0.136980716253 0.121625210233 0.878374789767 0.0183208853244 0.833611662962
45 0.06 0.863305785124 0.136694214876 0.122752634842 0.877247365158 0.0184845773125 0.834286641713
46 0.06 0.8631184573 0.1368815427 0.120865478407 0.879134521593 0.0182043519752 0.834937169416
47 0.06 0.863636363636 0.136363636364 0.117788034795 0.882211965205 0.0177301989218 0.841042073495
48 0.06 0.863096418733 0.136903581267 0.118720652078 0.881279347922 0.0178817620316 0.836839432318
49 0.06 0.862666666667 0.137333333333 0.118006915507 0.881993084493 0.0177831132332 0.834896366389
50 0.06 0.863360881543 0.136639118457 0.123626373626 0.876373626374 0.0186149603428 0.833791762673
51 0.06 0.863691460055 0.136308539945 0.121427303391 0.878572696609 0.0182768386291 0.837911187409
52 0.06 0.863592286501 0.136407713499 0.119043385491 0.880956614509 0.0179200768183 0.839573928401
53 0.06 0.86329476584 0.13670523416 0.123692143997 0.876307856003 0.0186262900644 0.833325965758
54 0.06 0.86285399449 0.13714600551 0.121268491452 0.878731508548 0.0182706506424 0.832945120689
55 0.06 0.862865013774 0.137134986226 0.119180633147 0.880819366853 0.0179558587517 0.834991280068
56 0.06 0.862556473829 0.137443526171 0.114407532421 0.885592467579 0.0172429048602 0.837631454843
57 0.06 0.86285399449 0.13714600551 0.114882274545 0.885117725455 0.0173084853129 0.838998583164
58 0.06 0.863316804408 0.136683195592 0.117065788302 0.882934211698 0.0176280044609 0.839762686432
59 0.06 0.862633608815 0.137366391185 0.115230728194 0.884769271806 0.017365419701 0.837322756628
60 0.06 0.863261707989 0.136738292011 0.116421895861 0.883578104139 0.0175321647212 0.840036480263
61 0.06 0.861873278237 0.138126721763 0.107193732194 0.892806267806 0.0161684850164 0.840277777778
62 0.06 0.862468319559 0.137531680441 0.115000890789 0.884999109211 0.0173341042953 0.836533690483
63 0.06 0.862578512397 0.137421487603 0.112447652143 0.887552347857 0.0169470889531 0.839619823899
64 0.06 0.86241322314 0.13758677686 0.112493335703 0.887506664297 0.016957223346 0.838567985908
65 0.06 0.862225895317 0.137774104683 0.116109530583 0.883890469417 0.017506130421 0.834015661277
66 0.06 0.861300275482 0.138699724518 0.110193571302 0.889806428698 0.0166320210001 0.833994704264
67 0.06 0.861157024793 0.138842975207 0.108805533387 0.891194466613 0.0164252499057 0.834433866657
68 0.06 0.861928374656 0.138071625344 0.112345569283 0.887654430717 0.0169444752443 0.835762421898
69 0.06 0.861685950413 0.138314049587 0.109424920128 0.890575079872 0.016508612691 0.837042662906
70 0.06 0.862126721763 0.137873278237 0.111190116434 0.888809883566 0.0167663462593 0.838054236043
71 0.06 0.861278236915 0.138721763085 0.106624158696 0.893375841304 0.0160936849864 0.837207203732
72 0.06 0.861983471074 0.138016528926 0.109195912928 0.890804087072 0.0164683768969 0.839062771835
73 0.06 0.862016528926 0.137983471074 0.109322184665 0.890677815335 0.0164867882802 0.839144827218
74 0.06 0.862093663912 0.137906336088 0.10701598579 0.89298401421 0.0161375483142 0.841788166811
75 0.06 0.862192837466 0.137807162534 0.110725720384 0.889274279616 0.0166950396993 0.838894395791
76 0.06 0.861443526171 0.138556473829 0.106556649809 0.893443350191 0.0160804092832 0.838269279774
77 0.06 0.862016528926 0.137983471074 0.111770962595 0.888229037405 0.0168560864552 0.836837731096
78 0.06 0.861465564738 0.138534435262 0.105477752172 0.894522247828 0.0159171861808 0.839415066716
79 0.06 0.861862258953 0.138137741047 0.109800443459 0.890199556541 0.0165618780744 0.837757599577
80 0.06 0.861245179063 0.138754820937 0.107513527899 0.892486472101 0.0162285478823 0.836174488137
81 0.06 0.861509641873 0.138490358127 0.112633451957 0.887366548043 0.0169961519207 0.832965217261
82 0.06 0.861564738292 0.138435261708 0.107266435986 0.892733564014 0.0161852453547 0.838336720644
83 0.06 0.861223140496 0.138776859504 0.109019886364 0.890980113636 0.0164563451223 0.83463060907
84 0.06 0.861377410468 0.138622589532 0.107330075522 0.892669924478 0.0161983697834 0.837144152149
85 0.06 0.860826446281 0.139173553719 0.107834428851 0.892165571149 0.0162849036657 0.833358933146
86 0.06 0.86035261708 0.13964738292 0.104846598488 0.895153401512 0.0158424087204 0.833312732134
87 0.06 0.861553719008 0.138446280992 0.111397352758 0.888602647242 0.0168087671599 0.834391096055
88 0.06 0.861774104683 0.138225895317 0.110923323252 0.889076676748 0.0167329604642 0.836167258764
89 0.06 0.861388429752 0.138611570248 0.111604368286 0.888395631714 0.0168432351492 0.83320196082
90 0.06 0.861520661157 0.138479338843 0.109450080085 0.890549919915 0.0165155765295 0.836019947497
91 0.06 0.861421487603 0.138578512397 0.107738729144 0.892261270856 0.0162592122327 0.837027062891
92 0.06 0.861763085399 0.138236914601 0.107514450867 0.892485549133 0.0162189340081 0.839306358382
93 0.06 0.861696969697 0.138303030303 0.105286618525 0.894713381475 0.0158840762932 0.840999212648
94 0.06 0.861190082645 0.138809917355 0.105066334253 0.894933665747 0.015860172717 0.838134470243
95 0.06 0.86105785124 0.13894214876 0.108600907231 0.891399092769 0.0163962478476 0.834029724557
96 0.06 0.862831955923 0.137168044077 0.111786800215 0.888213199785 0.0168425426622 0.841797495539
97 0.06 0.862016528926 0.137983471074 0.105413359493 0.894586640507 0.015897301588 0.842827494919
98 0.06 0.862225895317 0.137774104683 0.106198642372 0.893801357628 0.0160118404972 0.843367313174
99 0.06 0.862721763085 0.137278236915 0.105060801144 0.894939198856 0.0158311807273 0.847491186266
100 0.06 0.862611570248 0.137388429752 0.10915744377 0.89084255623 0.0164505881669 0.842935118473
101 0.06 0.862435261708 0.137564738292 0.107216310471 0.892783689529 0.0161613526025 0.843689168313
102 0.06 0.862842975207 0.137157024793 0.11248101492 0.88751898508 0.0169469212357 0.841207136377
103 0.06 0.862887052342 0.137112947658 0.10986267166 0.89013732834 0.0165515837526 0.843960068399
104 0.06 0.862732782369 0.137267217631 0.112112826921 0.887887173079 0.0168936057579 0.84088054302
105 0.06 0.86267768595 0.13732231405 0.110852643822 0.889147356178 0.0167047831787 0.841736152665
106 0.06 0.862512396694 0.137487603306 0.108662545911 0.891337454089 0.0163778874629 0.842795032029
107 0.06 0.862148760331 0.137851239669 0.10728003573 0.89271996427 0.0161763320747 0.841875601796
108 0.06 0.862104683196 0.137895316804 0.106086334793 0.893913665207 0.0159971564845 0.842731857542
109 0.06 0.861983471074 0.138016528926 0.109004739336 0.890995260664 0.01643954506 0.839242841332
110 0.06 0.862424242424 0.137575757576 0.110991957105 0.889008042895 0.0167306920583 0.840053855511
111 0.06 0.862115702479 0.137884297521 0.110157367668 0.889842632332 0.0166108304902 0.838960957
112 0.06 0.861950413223 0.138049586777 0.111608341538 0.888391658462 0.0168328527689 0.836590085465
113 0.06 0.862049586777 0.137950413223 0.111210521607 0.888789478393 0.0167709236576 0.837566408766
114 0.06 0.86241322314 0.13758677686 0.1114490161 0.8885509839 0.0167998028141 0.839554719891
115 0.06 0.86329476584 0.13670523416 0.112501116969 0.887498883031 0.0169410794374 0.84396808581
116 0.06 0.863360881543 0.136639118457 0.11114096364 0.88885903636 0.0167349779009 0.845670522699
117 0.06 0.862093663912 0.137906336088 0.105079592202 0.894920407798 0.0158455485269 0.843613544626
118 0.06 0.862721763085 0.137278236915 0.113041920459 0.886958079541 0.0170338228249 0.83993321106
119 0.06 0.862258953168 0.137741046832 0.108956024312 0.891043975688 0.0164269482021 0.840967304255
120 0.06 0.862622589532 0.137377410468 0.109320440505 0.890679559495 0.0164749421568 0.84284848826
121 0.06 0.862402203857 0.137597796143 0.108105687416 0.891894312584 0.0162960383232 0.842646204269
122 0.06 0.862732782369 0.137267217631 0.113143266989 0.886856733011 0.0170488765574 0.839904656634
123 0.06 0.862909090909 0.137090909091 0.110613524407 0.889386475593 0.0166642793828 0.843383726856
124 0.06 0.862567493113 0.137432506887 0.105248990579 0.894751009421 0.0158623746947 0.846361853243
125 0.06 0.862611570248 0.137388429752 0.108742386241 0.891257613759 0.0163880368627 0.843327855175
126 0.06 0.86258953168 0.13741046832 0.106902432457 0.893097567543 0.016111157983 0.844933324226
127 0.06 0.863041322314 0.136958677686 0.110075295805 0.889924704195 0.0165806527274 0.844708882271
128 0.06 0.862920110193 0.137079889807 0.110482857656 0.889517142344 0.0166443814735 0.843575441062
129 0.06 0.862236914601 0.137763085399 0.109397417504 0.890602582496 0.0164939171991 0.84041625076
130 0.06 0.862314049587 0.137685950413 0.104733674661 0.895266325339 0.015789349266 0.845290474045
131 0.06 0.862314049587 0.137685950413 0.107072338898 0.892927661102 0.0161419195981 0.843082359492
132 0.06 0.862964187328 0.137035812672 0.108724952826 0.891275047174 0.0163787142907 0.845514423371
133 0.06 0.862622589532 0.137377410468 0.109316101239 0.890683898761 0.0164742882153 0.842852594501
134 0.06 0.863195592287 0.136804407713 0.107836089145 0.892163910855 0.016240457799 0.847789266075
