000 0.54943 0.00858637
001 0.563614 0.00871484
002 0.557095 0.00878946
003 0.561487 0.0094029
004 0.561595 0.00728632
005 0.567155 0.00896681
006 0.560118 0.00827627
007 0.558711 0.0098045
008 0.561366 0.00925181
009 0.565147 0.00919165
010 0.560306 0.00873852
011 0.568358 0.00978499
012 0.564533 0.00974789
013 0.559003 0.00938077
014 0.561908 0.00939119
015 0.563854 0.00980585
016 0.562254 0.00944441
017 0.565473 0.0108088
018 0.564879 0.0108335
019 0.566595 0.009577
020 0.569746 0.0105083
021 0.577039 0.0103036
022 0.571404 0.0082018
023 0.567699 0.00735769
024 0.559538 0.00970926
025 0.568409 0.00769224
026 0.568565 0.00988916
027 0.568501 0.0115806
028 0.55704 0.0095395
029 0.563991 0.00839884
030 0.566546 0.00938366
031 0.570843 0.00754395
032 0.571782 0.0106697
033 0.570703 0.0082808
034 0.560469 0.00869291
035 0.564947 0.00748403
036 0.557503 0.00912941
037 0.574671 0.00776318
038 0.565659 0.0088696
039 0.558198 0.00877764
040 0.562066 0.00893319
041 0.56408 0.00709133
042 0.565884 0.00859861
043 0.569039 0.00807945
044 0.566712 0.00688695
045 0.567044 0.00760424
046 0.562151 0.00752967
047 0.577181 0.00687284
048 0.567922 0.00729183
049 0.566132 0.00798091
050 0.566391 0.0102539
051 0.571514 0.00717076
052 0.571923 0.00707748
053 0.565226 0.00870866
054 0.568046 0.0075963
055 0.569088 0.00829803
056 0.573717 0.00737816
057 0.572309 0.00814835
058 0.57227 0.00865101
059 0.564298 0.00723159
060 0.562075 0.00780526
061 0.553719 0.00915396
062 0.573593 0.00852763
063 0.565169 0.00784314
064 0.559042 0.0104002
065 0.560576 0.010721
066 0.564058 0.00867646
067 0.566187 0.00749365
068 0.565392 0.00779212
069 0.560071 0.00855433
070 0.570222 0.00742741
071 0.566472 0.00946763
072 0.555408 0.00970684
073 0.566063 0.00941134
074 0.557522 0.00872951
075 0.562047 0.00946263
076 0.557462 0.00742538
077 0.552563 0.00852922
078 0.56234 0.00784678
079 0.557547 0.00899886
080 0.560154 0.00796582
081 0.55508 0.00777161
082 0.55926 0.0100781
083 0.56362 0.00877853
084 0.563994 0.00847766
085 0.551404 0.010283
086 0.555734 0.00953028
087 0.565729 0.00707558
088 0.561666 0.00770465
089 0.565344 0.00691785
090 0.564569 0.00747351
091 0.561285 0.00770308
092 0.562995 0.00804282
093 0.562006 0.00655068
094 0.566916 0.00744705
095 0.553093 0.00930071
096 0.559727 0.0073593
097 0.558303 0.00777065
098 0.552342 0.00815598
099 0.5732 0.00731642
100 0.562493 0.00768398
101 0.564694 0.00630776
102 0.568924 0.00660802
103 0.568919 0.00674114
104 0.569984 0.00785796
105 0.579248 0.0074391
106 0.57123 0.00857339
107 0.566178 0.00650867
108 0.559799 0.00862814
109 0.575573 0.00596854
110 0.567472 0.00652485
111 0.558415 0.00920024
112 0.568682 0.00565067
113 0.57271 0.00622436
114 0.573074 0.00745453
115 0.572583 0.00613809
116 0.578278 0.00549199
117 0.569114 0.00741482
118 0.574639 0.00573404
119 0.567306 0.00644939
120 0.567359 0.00755501
121 0.565108 0.00858923
122 0.572601 0.00641523
123 0.569693 0.00634945
124 0.5645 0.00525664
125 0.567175 0.00675009
126 0.567475 0.00701669
127 0.573203 0.00553206
128 0.567596 0.00768452
129 0.560065 0.00797694
130 0.56237 0.0071012
131 0.570514 0.00695456
132 0.574767 0.00559514
133 0.567687 0.00699133
134 0.569082 0.00545369
135 0.575232 0.00562322
136 0.577618 0.00497603
137 0.562227 0.00730819
138 0.571633 0.00636962
139 0.579565 0.00438526
140 0.577815 0.00623882
141 0.575613 0.00628118
142 0.57068 0.00706672
143 0.570779 0.00571939
144 0.568374 0.0064209
145 0.564867 0.00575965
146 0.570624 0.00584803
147 0.562072 0.00646958
148 0.570501 0.00578549
149 0.567185 0.00561711
150 0.572176 0.00643175
151 0.570259 0.00588237
152 0.565397 0.00654208
153 0.569723 0.00590053
154 0.573343 0.00578047
155 0.575123 0.00582915
156 0.573631 0.00605653
157 0.573479 0.00620507
158 0.571741 0.00568949
159 0.566896 0.00814554
160 0.574312 0.00703051
161 0.565776 0.0077067
162 0.574086 0.00679139
163 0.563506 0.00680735
164 0.577584 0.00521436
165 0.563158 0.00767843
166 0.564085 0.00776559
167 0.565507 0.00877826
168 0.576382 0.00634466
169 0.579784 0.00549371
170 0.575912 0.00488848
171 0.569723 0.0072917
172 0.576207 0.0048709
173 0.571703 0.00545312
174 0.575211 0.00488453
175 0.563552 0.00700063
176 0.572297 0.00580604
177 0.571029 0.00487539
178 0.56403 0.00629463
179 0.575193 0.00624952
180 0.569619 0.00650091
181 0.577952 0.00468022
182 0.567987 0.00521499
183 0.566356 0.00563214
184 0.566432 0.00595588
185 0.568635 0.00484322
186 0.564789 0.00649301
187 0.565995 0.00671284
188 0.56547 0.00620247
189 0.575856 0.00455476
190 0.5715 0.00486865
191 0.563796 0.0065812
192 0.56339 0.00594873
193 0.564901 0.00726048
194 0.567837 0.00466344
195 0.575231 0.00590239
196 0.579608 0.00571613
197 0.576024 0.00552663
198 0.57279 0.00626384
199 0.570621 0.00670934
200 0.574694 0.00477934
201 0.572116 0.00508563
202 0.569659 0.00599608
203 0.575446 0.004572
204 0.558535 0.00678014
205 0.567583 0.00575036
206 0.56462 0.00688846
207 0.571843 0.00560062
208 0.575353 0.00443897
209 0.577265 0.0042821
210 0.568587 0.00638432
211 0.567989 0.00615368
212 0.57363 0.00494448
213 0.570694 0.00494328
214 0.581269 0.00465726
215 0.571927 0.00546397
216 0.573317 0.00455821
217 0.573713 0.00636445
218 0.566935 0.00591536
219 0.578379 0.00567694
220 0.576234 0.00463011
221 0.568191 0.00529893
222 0.57408 0.00509207
223 0.578507 0.00442327
224 0.573002 0.00482248
225 0.579316 0.0036848
226 0.575402 0.00554888
227 0.567322 0.00613794
228 0.583057 0.00416739
229 0.566079 0.00636245
230 0.570926 0.006087
231 0.572862 0.00466916
232 0.575955 0.00495811
233 0.574859 0.00470072
234 0.570744 0.00524836
235 0.571532 0.00650073
236 0.572173 0.00467939
237 0.569689 0.00489042
238 0.565206 0.00622802
239 0.564796 0.0061379
240 0.568842 0.00632718
241 0.569207 0.00560854
242 0.564751 0.00497407
243 0.568046 0.00506616
244 0.568448 0.00513868
245 0.570408 0.00500148
246 0.565569 0.00561514
247 0.568467 0.00512222
248 0.566472 0.00547802
249 0.559772 0.00570538
250 0.566433 0.00477291
251 0.56366 0.00618885
252 0.557664 0.00688332
253 0.563701 0.00601453
254 0.567113 0.00465406
255 0.564632 0.0049253
256 0.564599 0.00478979
257 0.567374 0.00602095
258 0.56484 0.00542679
259 0.568172 0.00492156
260 0.563225 0.00485082
261 0.563675 0.00530616
262 0.560993 0.0051376
263 0.562765 0.00490728
264 0.568189 0.0048732
265 0.564482 0.00594845
266 0.560048 0.0048931
267 0.566327 0.00475326
268 0.570693 0.00509925
269 0.569133 0.00539314
270 0.564587 0.00420951
271 0.570131 0.00478296
272 0.56677 0.00399153
273 0.57058 0.0040044
274 0.566033 0.00466157
275 0.566635 0.00535414
276 0.565613 0.00520834
277 0.563556 0.00525159
278 0.566003 0.004527
279 0.569223 0.00441624
280 0.564344 0.00450806
281 0.560872 0.00484933
282 0.567894 0.00531618
283 0.56855 0.00473187
284 0.568023 0.00531458
285 0.561719 0.00474291
286 0.570229 0.00486028
287 0.56577 0.00456272
288 0.565012 0.00553716
289 0.565724 0.00487786
290 0.563531 0.00557787
291 0.565298 0.00523711
292 0.562632 0.0052969
293 0.565693 0.00478449
294 0.560781 0.0055444
295 0.564931 0.00483975
296 0.560796 0.00523071
297 0.571019 0.00557517
298 0.566894 0.00478068
299 0.569569 0.00463796
