000 0.539867 0.00741252
001 0.542977 0.00566784
002 0.542038 0.00624782
003 0.552464 0.00626855
004 0.54498 0.00602105
005 0.549056 0.00576445
006 0.545354 0.00682272
007 0.555355 0.00642517
008 0.547854 0.00729122
009 0.551852 0.00650503
010 0.548047 0.00613349
011 0.547887 0.00585752
012 0.555352 0.0051244
013 0.548278 0.00560305
014 0.550042 0.00596455
015 0.543316 0.00392668
016 0.551035 0.00467957
017 0.544359 0.00420066
018 0.547528 0.00476707
019 0.546048 0.00497422
020 0.544571 0.00488843
021 0.545554 0.00483841
022 0.551715 0.00532621
023 0.558955 0.00488246
024 0.556955 0.00458946
025 0.559616 0.00550787
026 0.549897 0.00531663
027 0.549889 0.00495381
028 0.559309 0.00436895
029 0.553281 0.00507737
030 0.554628 0.00471037
031 0.55532 0.00500053
032 0.551741 0.00577198
033 0.55656 0.00517843
034 0.550794 0.00448167
035 0.557162 0.00499563
036 0.556601 0.00485924
037 0.557079 0.00433467
038 0.55871 0.00410505
039 0.558207 0.00397217
040 0.551541 0.0047395
041 0.557825 0.0041547
042 0.548502 0.00422076
043 0.549447 0.00438621
044 0.554487 0.00434915
045 0.552792 0.00442525
046 0.557753 0.00418788
047 0.557158 0.00356078
048 0.556869 0.00375035
049 0.556011 0.00455076
050 0.553949 0.00348597
051 0.55734 0.00348256
052 0.553837 0.00356662
053 0.557306 0.00361753
054 0.553485 0.00370373
055 0.554567 0.00354728
056 0.552712 0.00368685
057 0.55246 0.00378212
058 0.554118 0.00358153
059 0.551949 0.00332428
060 0.554441 0.00334671
061 0.550039 0.00354555
062 0.551036 0.00351634
063 0.552764 0.0027902
064 0.55355 0.00331675
065 0.556554 0.00331587
066 0.5547 0.0032566
067 0.553544 0.00309194
068 0.551621 0.00311217
069 0.554453 0.00322972
070 0.556472 0.00287124
071 0.55552 0.0031237
072 0.558142 0.00304916
073 0.559055 0.00255584
074 0.555844 0.00293516
075 0.55543 0.00280998
076 0.55507 0.00261072
077 0.556054 0.00281565
078 0.553787 0.00266178
079 0.555237 0.00272413
080 0.556215 0.00258328
081 0.556897 0.00298002
082 0.554086 0.0030654
083 0.556864 0.00259513
084 0.556119 0.00277805
085 0.556915 0.00269212
086 0.554777 0.00275818
087 0.559187 0.00263497
088 0.557704 0.0024656
089 0.556721 0.00255451
090 0.558012 0.00267051
091 0.557313 0.00280083
092 0.558677 0.00236475
093 0.559353 0.00242928
094 0.55699 0.00245069
095 0.556293 0.00263765
096 0.557612 0.00242563
097 0.56249 0.00251681
098 0.558734 0.00266706
099 0.557782 0.00257544
100 0.558448 0.00248889
101 0.556399 0.00256786
102 0.557442 0.0026781
103 0.557762 0.00255801
104 0.55461 0.00277488
105 0.557053 0.00250024
106 0.555816 0.00252423
107 0.555998 0.00243107
108 0.558349 0.0023505
109 0.55459 0.00245129
110 0.557422 0.0023549
111 0.553899 0.00234141
112 0.555699 0.00244178
113 0.553632 0.00250912
114 0.557722 0.00250356
115 0.558651 0.00240705
116 0.555498 0.0024478
117 0.556941 0.00253291
118 0.555649 0.00242371
119 0.558122 0.00254932
120 0.55307 0.00268269
121 0.556905 0.00251232
122 0.557017 0.00265796
123 0.557152 0.00255187
124 0.557464 0.00246488
125 0.559688 0.00235899
126 0.556946 0.00252355
127 0.558079 0.00236232
128 0.556721 0.00242866
129 0.557271 0.00235521
130 0.562025 0.00216039
131 0.559211 0.00216113
132 0.557563 0.00229429
133 0.56159 0.00215756
134 0.56006 0.002236
135 0.56288 0.00196368
136 0.558178 0.0021337
137 0.56078 0.00218934
138 0.55671 0.00212769
139 0.558275 0.00203974
140 0.557743 0.00221139
141 0.559476 0.00210732
142 0.558868 0.00205658
143 0.5579 0.00213233
144 0.557898 0.00224525
145 0.558348 0.00207431
146 0.559823 0.00198956
147 0.558691 0.00229887
148 0.560601 0.00217752
149 0.561394 0.0020988
150 0.560511 0.00212109
151 0.556612 0.00225922
152 0.556827 0.00229541
153 0.557027 0.00219256
154 0.560361 0.0021891
155 0.55936 0.00222623
156 0.556783 0.00214892
157 0.556829 0.00211279
158 0.556273 0.00214994
159 0.557504 0.00210533
160 0.556568 0.00209569
161 0.558094 0.00218375
162 0.558188 0.00221011
163 0.558052 0.00210557
164 0.557084 0.0021921
165 0.558899 0.00232652
166 0.555418 0.00204199
167 0.557452 0.0020351
168 0.557494 0.00220848
169 0.557938 0.00200043
170 0.556677 0.00210725
171 0.556955 0.00200192
172 0.558305 0.00206547
173 0.557779 0.00210733
174 0.559325 0.00206623
175 0.557742 0.00209471
176 0.561042 0.00217333
177 0.560743 0.00192334
178 0.559554 0.00211
179 0.559781 0.00221865
180 0.558245 0.00211205
181 0.558924 0.00202879
182 0.557357 0.00200217
183 0.558985 0.00205642
184 0.559614 0.00193069
185 0.559481 0.0019687
186 0.557065 0.00212628
187 0.555955 0.00200556
188 0.556783 0.0020797
189 0.55972 0.00211605
190 0.556815 0.0019919
191 0.557686 0.00195986
192 0.55824 0.00195012
193 0.556912 0.00197179
194 0.559083 0.00207973
195 0.55757 0.00209504
196 0.561743 0.00194718
197 0.558836 0.00193408
198 0.560458 0.0019519
199 0.558621 0.00189714
200 0.55688 0.00197794
201 0.554913 0.00190993
202 0.558392 0.00191649
203 0.557053 0.00195454
204 0.557953 0.00187849
205 0.558261 0.00187797
206 0.556957 0.00179396
207 0.558546 0.001865
208 0.558805 0.0018363
209 0.557472 0.00190554
210 0.559161 0.00190174
211 0.557175 0.00190366
212 0.558168 0.00191019
213 0.560277 0.00179353
214 0.55929 0.00183597
215 0.560075 0.00189253
216 0.558694 0.00179618
217 0.558476 0.00187703
218 0.55905 0.00189217
219 0.559654 0.00176279
220 0.559458 0.0018847
221 0.558027 0.00197431
222 0.559234 0.00181873
223 0.559442 0.00189828
224 0.55868 0.00185707
225 0.558881 0.00193309
226 0.559658 0.00198395
227 0.560704 0.00185207
228 0.559836 0.00182414
229 0.560243 0.00196984
230 0.561588 0.00182265
231 0.559055 0.00192933
232 0.560121 0.0018301
233 0.559419 0.0018994
234 0.55978 0.00188589
235 0.559807 0.00184416
236 0.558622 0.00186094
237 0.560781 0.00182608
238 0.559114 0.00185527
239 0.561228 0.00177784
240 0.557257 0.00193395
241 0.559023 0.00181135
242 0.55946 0.00186646
243 0.556694 0.00179022
244 0.557882 0.00182643
245 0.557881 0.00184712
246 0.557653 0.00193235
247 0.559537 0.00177363
248 0.5574 0.00190442
249 0.556054 0.0018726
250 0.557497 0.00179333
251 0.555487 0.00189609
252 0.557147 0.00187819
253 0.558409 0.00179319
254 0.55892 0.00194509
255 0.559623 0.00198705
256 0.55893 0.00184958
257 0.558188 0.00178105
258 0.556981 0.00179728
259 0.557509 0.00177507
260 0.557996 0.00173633
261 0.557061 0.00176513
262 0.557062 0.00180538
263 0.557122 0.00178184
264 0.556567 0.00184593
265 0.557521 0.00179134
266 0.559208 0.00172517
267 0.557936 0.00181847
268 0.557842 0.00172212
269 0.558693 0.00178204
270 0.559499 0.00169772
271 0.559478 0.0017599
272 0.559176 0.0018188
273 0.557218 0.00174917
274 0.557984 0.00175807
275 0.557924 0.00168179
276 0.559451 0.00166203
277 0.560387 0.0016879
278 0.560864 0.00167264
279 0.558188 0.00174153
280 0.557499 0.00170606
281 0.559458 0.0016799
282 0.557244 0.00177889
283 0.558818 0.00164074
284 0.557077 0.00175277
285 0.5586 0.00176002
286 0.557641 0.00168383
287 0.558088 0.00179302
288 0.558614 0.00181916
289 0.558785 0.00168925
290 0.557601 0.00177966
291 0.560081 0.0015908
292 0.559167 0.00168344
293 0.560007 0.0016337
294 0.560373 0.00159698
295 0.559512 0.00162774
296 0.559798 0.00167499
297 0.559171 0.0016172
298 0.560684 0.00166478
299 0.559315 0.00175665
300 0.558564 0.00163721
301 0.560552 0.00161961
302 0.559573 0.00163517
303 0.560125 0.00163398
304 0.559529 0.00165743
305 0.559699 0.0016408
306 0.558662 0.00167401
307 0.5603 0.00162443
308 0.559305 0.00166473
309 0.559609 0.00170237
310 0.559929 0.0016022
311 0.560618 0.00170799
312 0.559629 0.00171054
313 0.560775 0.00167217
314 0.558507 0.00163806
315 0.560011 0.00163158
316 0.561673 0.0015194
317 0.559998 0.00154725
318 0.560345 0.00164374
319 0.558451 0.00159242
320 0.561055 0.00159114
321 0.558668 0.00165667
322 0.55946 0.0016625
323 0.557777 0.00170227
324 0.559157 0.00166251
325 0.56005 0.001507
326 0.558204 0.00165427
327 0.559138 0.00169151
328 0.559923 0.00173008
329 0.559061 0.00181627
330 0.559504 0.00171098
331 0.558285 0.00175044
332 0.558358 0.00182019
333 0.559947 0.00160285
334 0.557127 0.00177694
335 0.55961 0.00164682
336 0.561052 0.00162318
337 0.56033 0.00163596
338 0.558673 0.00160836
339 0.557959 0.00166777
340 0.558191 0.00170117
341 0.557433 0.00163937
342 0.558158 0.0016903
343 0.560598 0.00160106
344 0.558162 0.00176583
345 0.559322 0.00168363
346 0.558937 0.00174524
347 0.559277 0.00173564
348 0.558288 0.00176603
349 0.557543 0.00169597
350 0.557282 0.00159108
351 0.558822 0.00164003
352 0.557147 0.00155098
353 0.557224 0.00158837
354 0.557661 0.00155847
355 0.556467 0.00164665
356 0.5589 0.0016297
357 0.558426 0.00169889
358 0.558119 0.00160356
359 0.558276 0.00164936
360 0.559214 0.00157421
361 0.55832 0.00158015
362 0.557659 0.00169012
363 0.558204 0.00156492
364 0.558156 0.00167765
365 0.558036 0.00163798
366 0.556687 0.00172066
367 0.557061 0.00158991
368 0.557178 0.0016635
369 0.557179 0.0016003
370 0.557739 0.00165593
371 0.558923 0.00153697
372 0.55849 0.00155603
373 0.557408 0.00157132
374 0.555966 0.00166518
375 0.558753 0.00154559
376 0.558279 0.00156397
377 0.55934 0.00153499
378 0.558592 0.00157525
379 0.558486 0.00160022
380 0.558976 0.00158849
381 0.559063 0.00167714
382 0.558219 0.00159255
383 0.559309 0.0015697
384 0.558698 0.00152916
385 0.557028 0.00166881
386 0.558331 0.00158734
387 0.560592 0.00158694
388 0.557727 0.00154713
389 0.559215 0.00160421
390 0.558758 0.0015022
391 0.559502 0.00155241
392 0.556944 0.00168059
393 0.55959 0.00160878
394 0.558824 0.00166022
395 0.556843 0.00163371
396 0.556931 0.00171796
397 0.557489 0.00163725
398 0.55835 0.00164329
399 0.557964 0.00160617
400 0.559132 0.00163187
401 0.556638 0.00166833
402 0.558964 0.00162203
403 0.558321 0.0015871
404 0.558025 0.001561
405 0.55821 0.00157857
406 0.557695 0.00164658
407 0.558489 0.00153911
408 0.556709 0.00161179
409 0.558382 0.00161059
410 0.559405 0.00165397
411 0.558717 0.00157112
412 0.559123 0.00152879
413 0.558358 0.00156999
414 0.557937 0.00158886
415 0.558278 0.00161957
416 0.559754 0.00151862
417 0.55914 0.00155551
418 0.55974 0.00155577
419 0.561186 0.00159178
420 0.559488 0.00159936
421 0.5572 0.00160827
422 0.559727 0.00155856
423 0.558331 0.00155442
424 0.559333 0.0014704
425 0.558883 0.00157318
426 0.560129 0.00159298
427 0.560688 0.00155225
428 0.558403 0.00161008
429 0.558891 0.00161916
430 0.559102 0.00157112
431 0.558939 0.00155248
432 0.557985 0.00155927
433 0.559161 0.00156651
434 0.559315 0.00149983
435 0.559163 0.00159824
436 0.560242 0.00150849
437 0.559977 0.00160741
438 0.561074 0.00150476
439 0.559274 0.00153733
440 0.558019 0.00157634
441 0.557599 0.00154844
442 0.55951 0.00161493
443 0.561756 0.00157983
444 0.55922 0.00153821
445 0.560151 0.00156685
446 0.559618 0.00148088
447 0.560594 0.00157419
448 0.558878 0.00149927
449 0.560837 0.00150688
450 0.559884 0.00160464
451 0.560071 0.00153165
452 0.558477 0.00152735
453 0.560273 0.00158266
454 0.55906 0.00156657
455 0.560466 0.00151889
456 0.558722 0.00157525
457 0.559655 0.00156211
458 0.559507 0.00149665
459 0.559141 0.00157723
460 0.557202 0.00165379
461 0.559252 0.00158485
462 0.560487 0.00159327
463 0.559695 0.00157428
464 0.559502 0.00159929
465 0.559185 0.00147951
466 0.559519 0.00152389
467 0.559415 0.00157815
468 0.559639 0.00159276
469 0.55982 0.00151098
470 0.561484 0.00156678
471 0.560117 0.0015893
472 0.560009 0.00153563
473 0.560079 0.00157715
474 0.56006 0.00160782
475 0.55893 0.00160107
476 0.561033 0.00156337
477 0.560923 0.00154092
478 0.558604 0.00155408
479 0.559648 0.00155215
480 0.5583 0.00157293
481 0.560462 0.00157306
482 0.559544 0.00146586
483 0.55969 0.00156989
484 0.560983 0.00162161
485 0.559451 0.00158409
486 0.560314 0.0015971
487 0.560357 0.0015228
488 0.56097 0.0015495
489 0.55945 0.0015557
490 0.559892 0.00166451
491 0.559948 0.00159444
492 0.560559 0.00154665
493 0.560624 0.00162067
494 0.561001 0.00152858
495 0.56101 0.00162465
496 0.561653 0.00163071
497 0.56062 0.00158839
498 0.561408 0.00162856
499 0.562211 0.00163114
500 0.559873 0.00158214
501 0.561582 0.00156249
502 0.561076 0.00161533
503 0.561044 0.00152676
504 0.562181 0.00150639
505 0.561454 0.00159531
506 0.561045 0.00152977
507 0.560378 0.00157685
508 0.562172 0.00151069
509 0.560989 0.00157511
510 0.561895 0.00148658
511 0.560413 0.00147181
512 0.560527 0.00151675
513 0.561426 0.00153474
514 0.562392 0.00154829
515 0.55992 0.00154129
516 0.560221 0.00158622
517 0.561353 0.00155173
518 0.560427 0.00153249
519 0.561563 0.00153089
520 0.560525 0.00153934
521 0.560137 0.00157278
522 0.561332 0.0015573
523 0.55956 0.0016043
524 0.562243 0.00151617
525 0.561057 0.00157104
526 0.560821 0.00160485
527 0.560382 0.00150384
528 0.559805 0.00160038
529 0.560566 0.00157158
530 0.559575 0.00158231
531 0.56077 0.00156275
532 0.560074 0.0016071
533 0.559342 0.00155122
534 0.559281 0.00154188
535 0.558523 0.00152402
536 0.559199 0.00151669
537 0.562718 0.00146789
538 0.561309 0.00159215
539 0.563054 0.00148682
540 0.559527 0.00147953
541 0.559897 0.00148772
542 0.560772 0.00149254
543 0.558661 0.0016543
544 0.559542 0.00160613
545 0.55966 0.00154644
546 0.559151 0.00153887
547 0.560318 0.0015347
548 0.55988 0.00154659
549 0.560426 0.0015585
550 0.55895 0.00151618
551 0.560217 0.00153932
552 0.560675 0.00154213
553 0.560014 0.00151812
554 0.560393 0.00151896
555 0.560916 0.00152123
556 0.56138 0.00147323
557 0.560293 0.00148952
558 0.56083 0.00151205
559 0.559429 0.00162852
560 0.560324 0.00148577
561 0.560058 0.00145537
562 0.558911 0.0015569
563 0.55901 0.00155969
564 0.560235 0.00149911
565 0.559973 0.00146238
566 0.561195 0.00148666
567 0.559319 0.00153475
568 0.560698 0.00150832
569 0.559557 0.00148818
570 0.559758 0.00150488
571 0.559046 0.00149461
572 0.559814 0.00146588
573 0.558812 0.00152514
574 0.55972 0.00154891
575 0.558959 0.0014884
576 0.560203 0.00149118
577 0.559796 0.00149902
578 0.558958 0.00155781
579 0.561451 0.00146498
580 0.560017 0.00147841
581 0.559682 0.00157625
582 0.561744 0.00147387
583 0.561212 0.00150162
584 0.560621 0.00148259
585 0.561505 0.00146724
586 0.559086 0.00147669
587 0.560982 0.00146817
588 0.561278 0.0014478
589 0.560921 0.00142663
590 0.56062 0.00144296
591 0.562091 0.00143282
592 0.562472 0.00140648
593 0.5635 0.00140891
594 0.562613 0.00149071
595 0.561814 0.00150856
596 0.561419 0.00145657
597 0.560911 0.00142142
598 0.561811 0.00150344
599 0.562305 0.00142759
600 0.561119 0.00141825
601 0.562506 0.00144317
602 0.560123 0.00144427
603 0.561622 0.00145627
604 0.561031 0.00144768
605 0.561067 0.00140196
606 0.561565 0.00142651
607 0.560699 0.00138514
608 0.559641 0.00147615
609 0.561009 0.00148232
610 0.562074 0.00148347
611 0.561947 0.00149538
612 0.560595 0.00144892
613 0.560642 0.00147869
614 0.561706 0.00144827
615 0.561065 0.00149287
616 0.562191 0.00153415
617 0.559855 0.00144144
618 0.56044 0.00147394
619 0.560459 0.00141694
620 0.560885 0.00148665
621 0.562694 0.00143953
622 0.560382 0.00146934
623 0.560865 0.00143819
624 0.560137 0.00144489
625 0.55965 0.00146434
626 0.55896 0.00147173
627 0.560405 0.00143904
628 0.560205 0.00144906
629 0.559801 0.00145832
630 0.560462 0.00148536
631 0.561016 0.0014624
632 0.561569 0.00146391
633 0.562685 0.00141885
634 0.558297 0.00146709
635 0.559072 0.001492
636 0.560673 0.00145229
637 0.561779 0.00149267
638 0.561021 0.00139122
639 0.562011 0.00137154
640 0.561391 0.00145572
641 0.560343 0.0014162
642 0.560772 0.00143603
643 0.560929 0.00148607
644 0.561509 0.00147935
645 0.559439 0.00153198
646 0.560841 0.00143834
647 0.560211 0.00143167
648 0.560598 0.00153743
649 0.560206 0.0014408
650 0.560474 0.00153965
651 0.559651 0.00153658
652 0.559929 0.00154754
653 0.560255 0.00144328
654 0.56068 0.00150783
655 0.55996 0.0014261
656 0.559848 0.00146053
657 0.560421 0.00145272
658 0.56176 0.00145829
659 0.560529 0.00145976
660 0.560083 0.00140561
661 0.561264 0.00149917
662 0.560206 0.00141011
663 0.560037 0.00144329
664 0.560132 0.00144406
665 0.560158 0.00144029
666 0.561385 0.00145237
667 0.559325 0.00149727
668 0.559075 0.00150962
669 0.56016 0.00149109
670 0.561295 0.00142955
671 0.559129 0.00147814
672 0.559689 0.00142408
673 0.560392 0.00144781
674 0.56132 0.00147176
675 0.561005 0.0014033
676 0.560745 0.00148499
677 0.560748 0.00148558
678 0.561823 0.00143787
679 0.562768 0.00149371
680 0.560214 0.001453
681 0.561794 0.00142433
682 0.561209 0.00147735
683 0.561287 0.00143468
684 0.562825 0.0014205
685 0.560959 0.00149272
686 0.560516 0.00148946
687 0.55919 0.00153643
688 0.561005 0.00140462
689 0.559675 0.00148957
690 0.560598 0.00142952
691 0.560357 0.0014442
692 0.561061 0.00143949
693 0.559669 0.00149736
694 0.560236 0.00149976
695 0.560993 0.00152903
696 0.559689 0.0015053
697 0.560486 0.00144943
698 0.560396 0.00148346
699 0.560935 0.00151414
700 0.561287 0.00140476
701 0.561011 0.00138875
702 0.561805 0.0014033
703 0.561504 0.00151934
704 0.562378 0.00144232
705 0.561625 0.0014056
706 0.561946 0.0014293
707 0.562538 0.00140725
708 0.561613 0.00143226
709 0.560931 0.00146445
710 0.560648 0.001407
711 0.562213 0.00136505
712 0.561955 0.00146299
713 0.559181 0.00153185
714 0.560038 0.00148705
715 0.559519 0.00147048
716 0.559983 0.00151638
717 0.560745 0.00155333
718 0.559423 0.00145748
719 0.559882 0.00144633
720 0.562004 0.00148364
721 0.560247 0.00142216
722 0.559368 0.00157221
723 0.55921 0.00151015
724 0.559369 0.00142901
725 0.561669 0.00140955
726 0.561523 0.00144342
727 0.560996 0.00151274
728 0.560969 0.00136117
729 0.560741 0.00141528
730 0.561088 0.00144898
731 0.560276 0.0014381
732 0.560195 0.00147205
733 0.561408 0.00148781
734 0.561714 0.00142764
735 0.560973 0.00142483
736 0.561095 0.00136756
737 0.560175 0.00143337
738 0.562631 0.00136171
739 0.5599 0.00144004
740 0.560784 0.00137065
741 0.561355 0.00137399
742 0.560852 0.00135973
743 0.56009 0.00139605
744 0.559267 0.00139222
745 0.560077 0.00140961
746 0.559123 0.00145035
747 0.560423 0.00144872
748 0.560199 0.00139296
749 0.560949 0.00137977
750 0.559535 0.00138156
751 0.561129 0.00138689
752 0.562483 0.00138995
753 0.560964 0.00140805
754 0.560373 0.00143709
755 0.560068 0.001406
756 0.561763 0.00143722
757 0.560666 0.00142875
758 0.559908 0.00136872
759 0.562379 0.00134408
760 0.560658 0.00139878
761 0.560297 0.00144295
762 0.5606 0.00137216
763 0.561134 0.00135326
764 0.560974 0.00138002
765 0.562449 0.00132106
766 0.561803 0.00130615
767 0.561247 0.00138801
768 0.560756 0.0013414
769 0.560316 0.00137814
770 0.561133 0.00142485
771 0.560904 0.00139569
772 0.56189 0.00136168
773 0.560266 0.00137187
774 0.560135 0.0014138
775 0.560867 0.00137898
776 0.561271 0.00143212
777 0.561152 0.00135521
778 0.559171 0.00141434
779 0.560546 0.00140102
780 0.561008 0.00140553
781 0.560504 0.00140047
782 0.56075 0.00137309
783 0.561057 0.00143528
784 0.560455 0.00142503
785 0.559886 0.0014283
786 0.560094 0.00138326
787 0.560733 0.00139077
788 0.559483 0.00140912
789 0.559205 0.00144761
790 0.559577 0.00140446
791 0.560629 0.00142165
792 0.560867 0.00143985
793 0.559998 0.00145321
794 0.56031 0.00139054
795 0.559082 0.00141481
796 0.560911 0.00138425
797 0.559541 0.00146598
798 0.559909 0.00144499
799 0.561045 0.00136702
800 0.560564 0.00139014
801 0.561334 0.00141504
802 0.560315 0.00141297
803 0.558445 0.00145314
804 0.558889 0.00144636
805 0.560191 0.0014342
806 0.558537 0.00142859
807 0.560531 0.00137187
808 0.560884 0.0014069
809 0.560771 0.0014287
810 0.560591 0.00140629
811 0.560343 0.00133928
812 0.560309 0.0013649
813 0.561494 0.00140548
814 0.560478 0.00139227
815 0.560175 0.00140899
816 0.560456 0.00143296
817 0.560513 0.00137539
818 0.560505 0.00140548
819 0.559843 0.00135549
820 0.561779 0.00134877
821 0.56075 0.00143106
822 0.562209 0.00136527
823 0.562701 0.0014082
824 0.561983 0.00136353
825 0.561822 0.00143993
826 0.560731 0.00137409
827 0.560927 0.00142389
828 0.560875 0.00140933
829 0.560842 0.00141614
830 0.559512 0.00140579
831 0.562295 0.00138781
832 0.559429 0.00139047
833 0.560741 0.00136674
834 0.560665 0.0014055
835 0.560239 0.00140516
836 0.559698 0.00147525
837 0.560363 0.00135239
838 0.560981 0.00140876
839 0.560492 0.00140015
840 0.561923 0.00138748
841 0.561401 0.00145778
842 0.560369 0.00141439
843 0.559857 0.0014516
844 0.562731 0.00142271
845 0.561524 0.00141805
846 0.561614 0.00145095
847 0.561368 0.00141216
848 0.561638 0.0013794
849 0.560909 0.00141712
850 0.560918 0.00147457
851 0.560502 0.00145253
852 0.558977 0.00145851
853 0.559402 0.00148271
854 0.558917 0.00145297
855 0.56055 0.00142525
856 0.561152 0.00135641
857 0.560676 0.0013586
858 0.560314 0.00141855
859 0.560891 0.00141063
860 0.561976 0.00138745
861 0.561762 0.00146474
862 0.5613 0.00140668
863 0.560188 0.00138423
864 0.561476 0.0013951
865 0.560584 0.00143835
866 0.560836 0.00145219
867 0.559551 0.00146941
868 0.560844 0.00141714
869 0.561065 0.00139745
870 0.561386 0.001374
871 0.561329 0.00138979
872 0.562224 0.00142909
873 0.561416 0.0014166
874 0.561969 0.00142864
875 0.55976 0.00143943
876 0.561303 0.00140492
877 0.56096 0.00144227
878 0.561687 0.00143095
879 0.559775 0.00143889
880 0.561089 0.001414
881 0.563001 0.00131881
882 0.560932 0.00143908
883 0.561738 0.00136052
884 0.56005 0.00140221
885 0.562417 0.00133461
886 0.56048 0.0013209
887 0.562098 0.00135193
888 0.561701 0.0013911
889 0.560077 0.00139828
890 0.560956 0.00133557
891 0.561647 0.00137613
892 0.560976 0.00133208
893 0.560028 0.00144482
894 0.561975 0.00140199
895 0.562126 0.00137405
896 0.561709 0.00140657
897 0.56219 0.00138897
898 0.562047 0.00144748
899 0.56215 0.00138162
