000 0.552875 0.00227471
001 0.556977 0.00219725
002 0.554665 0.00233871
003 0.556967 0.00238432
004 0.559554 0.00216846
005 0.558751 0.00219369
006 0.559374 0.00220673
007 0.558739 0.0021808
008 0.559107 0.00234491
009 0.562262 0.00224442
010 0.558914 0.00228354
011 0.558034 0.00213714
012 0.560524 0.00219566
013 0.557409 0.00212481
014 0.558223 0.00209179
015 0.556907 0.00221903
016 0.55764 0.00208241
017 0.557926 0.0021376
018 0.559668 0.00206775
019 0.558169 0.00211033
020 0.557445 0.00228104
021 0.558394 0.00212771
022 0.561055 0.00214684
023 0.557358 0.00230373
024 0.558007 0.00209719
025 0.561054 0.00210773
026 0.558387 0.00218787
027 0.560267 0.00202478
028 0.556324 0.00207189
029 0.559632 0.00200537
030 0.559651 0.00193037
031 0.559445 0.00212927
032 0.559629 0.0019854
033 0.557976 0.0020021
034 0.561085 0.00188176
035 0.558952 0.00189366
036 0.55985 0.00191658
037 0.558562 0.00200251
038 0.559722 0.00188926
039 0.559099 0.0017744
040 0.557495 0.00183954
041 0.562785 0.00187644
042 0.563532 0.00171772
043 0.56439 0.00185563
044 0.561113 0.00171971
045 0.562676 0.00179883
046 0.563251 0.00182338
047 0.562228 0.00196041
048 0.563995 0.0018001
049 0.561496 0.00181136
050 0.561473 0.00186617
051 0.56199 0.00186499
052 0.561266 0.00193014
053 0.562785 0.00186755
054 0.564053 0.00183873
055 0.564523 0.00183499
056 0.564741 0.00180843
057 0.564221 0.00180091
058 0.565898 0.00173074
059 0.568713 0.00179486
060 0.568184 0.00176998
061 0.571156 0.00173622
062 0.566411 0.00173935
063 0.569749 0.00176406
064 0.568266 0.00172593
065 0.570922 0.001731
066 0.566427 0.00173932
067 0.568428 0.00168363
068 0.570196 0.00166854
069 0.569661 0.00176983
070 0.571004 0.00174397
071 0.571195 0.00179953
072 0.572342 0.00159612
073 0.571661 0.00159371
074 0.5716 0.00169376
075 0.570128 0.00160049
076 0.572847 0.00155775
077 0.570685 0.00157736
078 0.572784 0.00156271
079 0.572306 0.00154187
080 0.573419 0.00153139
081 0.57315 0.00149759
082 0.572452 0.00150446
083 0.576979 0.00148258
084 0.575604 0.00146481
085 0.575266 0.0013889
086 0.57446 0.00148804
087 0.575023 0.0014638
088 0.573501 0.00146879
089 0.575914 0.00145567
090 0.576636 0.00143091
091 0.578755 0.00134533
092 0.577608 0.00133561
093 0.577762 0.00140445
094 0.579345 0.00135025
095 0.577592 0.00144802
096 0.577953 0.00139048
097 0.577538 0.00132659
098 0.578674 0.00136428
099 0.580046 0.00132789
100 0.579762 0.00136975
101 0.580936 0.00123166
102 0.582825 0.00123341
103 0.578861 0.00127874
104 0.580506 0.00131152
105 0.581623 0.00123111
106 0.582281 0.00129282
107 0.58055 0.00128667
108 0.582273 0.00130794
109 0.579697 0.00127451
110 0.583514 0.00117556
111 0.581955 0.00119528
112 0.581598 0.00123038
113 0.580812 0.00125201
114 0.583837 0.00117023
115 0.582555 0.00120645
116 0.581562 0.00115695
117 0.582168 0.00118049
118 0.582406 0.00123007
119 0.583375 0.00118924
120 0.584324 0.00114962
121 0.585775 0.00106575
122 0.584523 0.0011141
123 0.586427 0.00117001
124 0.584761 0.0011151
125 0.585007 0.00111048
126 0.585549 0.00107875
127 0.58526 0.00110632
128 0.58478 0.00103172
129 0.585461 0.0010524
130 0.586573 0.00103136
131 0.587152 0.0010245
132 0.587136 0.00102889
133 0.586634 0.000981198
134 0.586768 0.00092265
135 0.5881 0.000934225
136 0.588559 0.000903496
137 0.586958 0.000897235
138 0.587786 0.000893418
139 0.58749 0.000918064
140 0.587314 0.000921905
141 0.586333 0.000900592
142 0.587192 0.000918974
143 0.586488 0.000894075
144 0.587803 0.00090738
145 0.587168 0.000895495
146 0.588285 0.000891627
147 0.586951 0.000858286
148 0.58781 0.000823518
149 0.587757 0.000868753
150 0.588109 0.000825287
151 0.588776 0.000825472
152 0.588727 0.000837482
153 0.587835 0.000837942
154 0.589824 0.000790741
155 0.588978 0.000832343
156 0.589324 0.000790127
157 0.590715 0.000757633
158 0.588072 0.000776192
159 0.589997 0.00071886
160 0.588914 0.00074332
161 0.589704 0.00077467
162 0.589204 0.000727555
163 0.590456 0.000743932
164 0.589984 0.000718308
165 0.58933 0.00074156
166 0.589183 0.000705663
167 0.58906 0.00068002
168 0.590242 0.000676763
169 0.589862 0.000694589
170 0.591232 0.000665309
171 0.591537 0.000691473
172 0.591215 0.000636579
173 0.591098 0.000650109
174 0.591548 0.000641533
175 0.591293 0.000635668
176 0.591065 0.000646707
177 0.590889 0.000629764
178 0.590799 0.000649517
179 0.590725 0.000645151
180 0.590959 0.000602373
181 0.590026 0.000630164
182 0.590704 0.000610581
183 0.591282 0.000615511
184 0.590788 0.000607283
185 0.591732 0.000604888
186 0.592529 0.000612044
187 0.592094 0.000597489
188 0.591446 0.000569253
189 0.591116 0.000553613
190 0.590211 0.000600293
191 0.591774 0.000566575
192 0.590064 0.00057945
193 0.591413 0.000569139
194 0.591906 0.000568462
195 0.591631 0.000585312
196 0.592414 0.00057858
197 0.591177 0.000547718
198 0.590841 0.000537972
199 0.591511 0.000543827
200 0.591731 0.000545059
201 0.591762 0.000561997
202 0.592075 0.000539384
203 0.591622 0.000543799
204 0.592443 0.000544623
205 0.592103 0.000523971
206 0.591439 0.000533124
207 0.592912 0.000526651
208 0.592117 0.000511149
209 0.592043 0.000505025
210 0.590911 0.000510786
211 0.59172 0.000527451
212 0.591221 0.000508772
213 0.592262 0.000500911
214 0.591987 0.000515876
215 0.592347 0.000495775
216 0.592314 0.000510063
217 0.59101 0.000511311
218 0.591301 0.000489982
219 0.592621 0.000507156
220 0.592763 0.000489603
221 0.591399 0.000495009
222 0.590683 0.000479482
223 0.59139 0.000486211
224 0.591568 0.000500354
225 0.591276 0.000497392
226 0.591899 0.000482585
227 0.591957 0.000474266
228 0.591401 0.000492009
229 0.592465 0.000469486
230 0.59204 0.000470987
231 0.591628 0.000492473
232 0.591888 0.000479334
233 0.591971 0.000458585
234 0.592924 0.000459473
235 0.592191 0.000466705
236 0.59194 0.000472736
237 0.592008 0.000455691
238 0.593006 0.000451483
239 0.592746 0.000454029
240 0.592043 0.000467661
241 0.591234 0.000473429
242 0.591913 0.000447479
243 0.592141 0.000458089
244 0.592283 0.000451781
245 0.592368 0.000439461
246 0.593206 0.000450911
247 0.592631 0.000451246
248 0.592518 0.000455819
249 0.592808 0.000446562
250 0.591874 0.000459713
251 0.592584 0.000439205
252 0.592321 0.000433973
253 0.591118 0.000432716
254 0.592864 0.000435226
255 0.59197 0.000435382
256 0.592147 0.000433771
257 0.593006 0.000434949
258 0.592692 0.000434043
259 0.5931 0.00043684
260 0.592937 0.000428072
261 0.593464 0.000428681
262 0.592853 0.000417433
263 0.592997 0.000430855
264 0.592111 0.000433907
265 0.592606 0.000429148
266 0.593188 0.000411016
267 0.592967 0.000424005
268 0.593277 0.000419236
269 0.591394 0.000416569
270 0.593124 0.000418147
271 0.593043 0.000419142
272 0.592939 0.000435122
273 0.592723 0.000412774
274 0.592671 0.000408392
275 0.593628 0.000421449
276 0.592346 0.00042506
277 0.592774 0.00039961
278 0.592186 0.000408345
279 0.592724 0.000420268
280 0.593127 0.000408793
281 0.592998 0.000414677
282 0.592015 0.000401546
283 0.593057 0.000407683
284 0.592814 0.000410344
285 0.592638 0.000411106
286 0.593077 0.000399895
287 0.591871 0.000404459
288 0.591737 0.000402501
289 0.592961 0.000401974
290 0.592548 0.000409644
291 0.592082 0.000402287
292 0.59191 0.000387913
293 0.59315 0.000406384
294 0.592287 0.000383705
295 0.592646 0.000399805
296 0.592398 0.000394498
297 0.593117 0.000389853
298 0.593234 0.000407261
299 0.592421 0.000402662
300 0.593044 0.000390261
301 0.592414 0.000385985
302 0.592096 0.000376241
303 0.592966 0.000389302
304 0.593696 0.000387139
305 0.593304 0.000387392
306 0.592907 0.000391556
307 0.593226 0.000383086
308 0.592182 0.000388226
309 0.592421 0.000382905
310 0.592856 0.000383098
311 0.593727 0.000385127
312 0.592567 0.000382653
313 0.593058 0.000386215
314 0.592767 0.000389776
315 0.593619 0.000387606
316 0.593021 0.000375375
317 0.592061 0.000401725
318 0.593185 0.000375716
319 0.592694 0.000381279
320 0.593309 0.000380583
321 0.592204 0.000382019
322 0.592929 0.000382324
323 0.593168 0.000382084
324 0.591992 0.000382244
325 0.592463 0.000379431
326 0.592406 0.000383029
327 0.59329 0.000382435
328 0.592744 0.000367119
329 0.592993 0.000392816
330 0.593626 0.000381636
331 0.593918 0.000384039
332 0.59342 0.000385263
333 0.592827 0.000382013
334 0.592394 0.000392416
335 0.591955 0.000382336
336 0.592657 0.000372723
337 0.592405 0.000381011
338 0.591501 0.000371187
339 0.592926 0.000382468
340 0.592967 0.000380861
341 0.592518 0.000378922
342 0.592459 0.000367721
343 0.593001 0.000364791
344 0.592853 0.000366744
345 0.59289 0.000369026
346 0.593002 0.000369835
347 0.592408 0.000376601
348 0.592228 0.000375164
349 0.592965 0.000373003
350 0.593049 0.000372226
351 0.592341 0.000369401
352 0.593329 0.00036585
353 0.592324 0.000367105
354 0.593631 0.000371436
355 0.592409 0.000375722
356 0.592396 0.00037226
357 0.59286 0.000371785
358 0.592482 0.000376711
359 0.592366 0.000398572
360 0.592504 0.000365774
361 0.593191 0.000364807
362 0.592677 0.000377058
363 0.593329 0.000358885
364 0.592922 0.000365716
365 0.592196 0.000363438
366 0.592593 0.000362574
367 0.59356 0.000366838
368 0.592278 0.000370101
369 0.591375 0.000374565
370 0.592452 0.000371541
371 0.592591 0.000363154
372 0.592831 0.000365246
373 0.593062 0.000371135
374 0.593646 0.000363709
375 0.592217 0.000357459
376 0.591663 0.000360651
377 0.591708 0.000371116
378 0.593079 0.000363466
379 0.591937 0.000359283
380 0.592874 0.000363331
381 0.592585 0.000388169
382 0.592198 0.000351368
383 0.592508 0.000349065
384 0.593037 0.0003672
385 0.593546 0.000368897
386 0.59311 0.000367573
387 0.593186 0.000364141
388 0.593873 0.000356849
389 0.591624 0.000353083
390 0.592859 0.00037446
391 0.592429 0.00035831
392 0.593959 0.00037142
393 0.593431 0.000362974
394 0.592944 0.000361818
395 0.592891 0.00036762
396 0.592064 0.00036215
397 0.592491 0.000356413
398 0.593157 0.000361509
399 0.592824 0.00035844
400 0.593029 0.000353532
401 0.592564 0.000363741
402 0.592518 0.000354994
403 0.593028 0.000359656
404 0.592911 0.000355108
405 0.593282 0.000348181
406 0.592679 0.000357376
407 0.592316 0.000351735
408 0.592716 0.000346313
409 0.593121 0.000380313
410 0.592183 0.000356742
411 0.592604 0.000350374
412 0.59241 0.000353436
413 0.592705 0.000352497
414 0.593148 0.000355331
415 0.593612 0.000355579
416 0.592424 0.000345977
417 0.593373 0.000352827
418 0.592327 0.000342326
419 0.592843 0.000350017
420 0.592161 0.000352907
421 0.592133 0.000339812
422 0.592332 0.000356873
423 0.591932 0.000350117
424 0.591825 0.000364997
425 0.592176 0.000351519
426 0.591864 0.000356949
427 0.591775 0.000354672
428 0.591908 0.000355696
429 0.59107 0.000351668
430 0.592251 0.000347564
431 0.592566 0.000377723
432 0.592308 0.000342636
433 0.591774 0.000345686
434 0.592306 0.000346362
435 0.593027 0.000345855
436 0.592742 0.000351073
437 0.592219 0.000350221
438 0.592393 0.000338748
439 0.592203 0.000341066
440 0.591296 0.000348728
441 0.593204 0.000353711
442 0.592722 0.000362162
443 0.592522 0.000348641
444 0.592759 0.000347084
445 0.591715 0.00034557
446 0.592713 0.000346141
447 0.592939 0.000347729
448 0.592087 0.000347407
449 0.591967 0.000342278
450 0.593161 0.000345424
451 0.592116 0.000341612
452 0.592503 0.00035217
453 0.592711 0.000339316
454 0.592717 0.000341898
455 0.592346 0.000341538
456 0.592475 0.000331551
457 0.592703 0.000341578
458 0.591798 0.00034128
459 0.591249 0.000343105
460 0.591937 0.000333139
461 0.59254 0.000342782
462 0.592005 0.000344121
463 0.592984 0.000369932
464 0.592206 0.000345281
465 0.592589 0.000346193
466 0.592798 0.000355151
467 0.592212 0.00034103
468 0.593151 0.000342028
469 0.592602 0.000347974
470 0.592372 0.000338053
471 0.59275 0.000357495
472 0.592346 0.000341587
473 0.592113 0.000343188
474 0.592576 0.000333601
475 0.592279 0.000349956
476 0.592667 0.000332193
477 0.592015 0.000341889
478 0.5918 0.000342459
479 0.59302 0.000337529
480 0.592506 0.000335427
481 0.591959 0.00034233
482 0.592368 0.000334043
483 0.592754 0.00033727
484 0.59293 0.000334759
485 0.591506 0.000342911
486 0.592167 0.000361312
487 0.592451 0.000337048
488 0.591936 0.000336101
489 0.591761 0.000341781
490 0.591657 0.000333963
491 0.592123 0.000344399
492 0.592574 0.000334183
493 0.591488 0.000338681
494 0.592134 0.000343966
495 0.592326 0.000334366
496 0.592697 0.000338403
497 0.592436 0.000335985
498 0.592031 0.00033278
499 0.591127 0.000338615
500 0.592222 0.000326863
501 0.591968 0.000334088
502 0.59134 0.000339271
503 0.592366 0.000329757
504 0.592001 0.000342213
505 0.591976 0.00036909
506 0.592161 0.00032848
507 0.592082 0.000329254
508 0.592019 0.000340552
509 0.591906 0.00033323
510 0.592321 0.000339728
511 0.592292 0.000323605
512 0.591693 0.000336322
513 0.591733 0.000347362
514 0.592282 0.000337835
515 0.592221 0.000336764
516 0.59177 0.000330324
517 0.591827 0.000336237
518 0.592007 0.000335934
519 0.591979 0.000329676
520 0.591123 0.000330192
521 0.591911 0.000336435
522 0.592388 0.000335741
523 0.591285 0.000325988
524 0.591439 0.000333412
525 0.591283 0.000332625
526 0.591626 0.000328866
527 0.591216 0.000334627
528 0.591972 0.000332575
529 0.591928 0.000322024
530 0.592059 0.00031725
531 0.591398 0.00032766
532 0.591844 0.000324926
533 0.590824 0.0003244
534 0.591556 0.00033096
535 0.592134 0.000331673
536 0.592017 0.000322703
537 0.591795 0.000323332
538 0.592146 0.000322143
539 0.592507 0.000319856
540 0.592291 0.000330631
541 0.591525 0.00032714
542 0.591003 0.000325778
543 0.591742 0.000329027
544 0.59205 0.000316981
545 0.5913 0.00032448
546 0.591469 0.000323526
547 0.591872 0.000318392
548 0.592301 0.000325129
549 0.591012 0.000326359
550 0.592359 0.000330118
551 0.591528 0.000324989
552 0.591045 0.000325292
553 0.592685 0.000316528
554 0.590863 0.000319723
555 0.591426 0.000318484
556 0.592307 0.000326213
557 0.591753 0.000323264
558 0.591383 0.000315084
559 0.591986 0.000315435
560 0.591683 0.000319737
561 0.591649 0.000318408
562 0.591946 0.000323058
563 0.591572 0.000317965
564 0.591901 0.000325965
565 0.591949 0.000312211
566 0.591827 0.000308843
567 0.592296 0.000319484
568 0.591918 0.000322736
569 0.592171 0.000316335
570 0.592516 0.000307163
571 0.591357 0.000312539
572 0.591569 0.000306434
573 0.591487 0.000305318
574 0.59228 0.000314992
575 0.591982 0.000304366
576 0.591953 0.000309665
577 0.592138 0.000312212
578 0.592824 0.000322039
579 0.591845 0.000321759
580 0.592192 0.000305518
581 0.591984 0.000309437
582 0.591862 0.000311095
583 0.592117 0.000314952
584 0.592239 0.000319076
585 0.591847 0.000316646
586 0.592266 0.000318593
587 0.591865 0.000309036
588 0.592274 0.00031118
589 0.592242 0.000314496
590 0.591811 0.000304982
591 0.592255 0.000309661
592 0.591915 0.000313497
593 0.592489 0.000311197
594 0.591449 0.000323203
595 0.590834 0.000318938
596 0.591148 0.000309418
597 0.591669 0.000309928
598 0.591615 0.000305936
599 0.591605 0.000338992
600 0.591962 0.000307786
601 0.591899 0.000305001
602 0.591186 0.000310805
603 0.591931 0.00030618
604 0.591405 0.000302481
605 0.591407 0.000313647
606 0.591675 0.000308064
607 0.591534 0.000310784
608 0.591507 0.000309184
609 0.592028 0.000308735
610 0.591457 0.000296374
611 0.591372 0.000304799
612 0.591283 0.000301465
613 0.592174 0.000312334
614 0.591463 0.000309674
615 0.591497 0.000312113
616 0.592029 0.000313687
617 0.591246 0.000303217
618 0.592232 0.000316372
619 0.592137 0.000321974
620 0.592098 0.00031442
621 0.592024 0.000312318
622 0.591846 0.000306329
623 0.591903 0.00031183
624 0.592423 0.000308107
625 0.591802 0.000312578
626 0.592389 0.000314336
627 0.591876 0.000306
628 0.592528 0.000299726
629 0.591929 0.000307645
630 0.592096 0.000308623
631 0.591475 0.000304579
632 0.592303 0.000312908
633 0.591789 0.000315285
634 0.592327 0.000342342
635 0.592221 0.00030884
636 0.592102 0.000300426
637 0.591186 0.00031242
638 0.592121 0.000318395
639 0.592291 0.000314661
640 0.592344 0.000306741
641 0.591358 0.000314688
642 0.5914 0.000296663
643 0.591398 0.000299005
644 0.592203 0.000303376
645 0.5919 0.000306911
646 0.59169 0.000310633
647 0.591429 0.00030361
648 0.592263 0.000306443
649 0.591789 0.000308454
650 0.591535 0.000307199
651 0.591713 0.000303516
652 0.591184 0.000309264
653 0.592172 0.000310908
654 0.591154 0.000303307
655 0.591494 0.000301369
656 0.591059 0.00030596
657 0.592281 0.000303551
658 0.592246 0.000304055
659 0.591273 0.000309611
660 0.591537 0.000313628
661 0.591276 0.000305916
662 0.591846 0.000300519
663 0.591806 0.000299799
664 0.592454 0.000302839
665 0.591755 0.00031289
666 0.59203 0.000308878
667 0.592034 0.000303428
668 0.591621 0.000312886
669 0.593213 0.000304644
670 0.591517 0.000293327
671 0.592047 0.000304957
672 0.591529 0.000303366
673 0.592186 0.000304271
674 0.591838 0.000298853
675 0.591481 0.00030102
676 0.591702 0.000309712
677 0.592648 0.000298313
678 0.591546 0.000307575
679 0.59173 0.000296933
680 0.59206 0.000304689
681 0.591914 0.000297652
682 0.59116 0.000289656
683 0.59197 0.000303819
684 0.591199 0.000301136
685 0.592157 0.00029707
686 0.591425 0.000295722
687 0.591822 0.000298516
688 0.592749 0.000306751
689 0.591628 0.000302722
690 0.591975 0.000296828
691 0.592224 0.000294185
692 0.591848 0.000293195
693 0.592429 0.000304205
694 0.592252 0.000306095
695 0.592177 0.000296621
696 0.591957 0.000295761
697 0.59137 0.000316101
698 0.592204 0.000296659
699 0.591385 0.000294691
700 0.591885 0.000288794
701 0.592228 0.00029144
702 0.592109 0.000298119
703 0.592707 0.000294902
704 0.592111 0.000296905
705 0.592087 0.000294916
706 0.591484 0.000296339
707 0.591875 0.000294393
708 0.591801 0.000299363
709 0.592423 0.000298844
710 0.591935 0.000293596
711 0.59168 0.000289816
712 0.591182 0.000298951
713 0.592595 0.000293305
714 0.591767 0.000297126
715 0.59225 0.000297514
716 0.592237 0.000309065
717 0.591923 0.000309306
718 0.591226 0.000293369
719 0.591684 0.000297364
720 0.591969 0.000296471
721 0.591621 0.000300202
722 0.591234 0.000291185
723 0.592164 0.000291916
724 0.591713 0.000294233
725 0.59123 0.000296318
726 0.59168 0.000296101
727 0.591821 0.000294944
728 0.591518 0.00029631
729 0.591422 0.000289812
730 0.592403 0.000302807
731 0.591579 0.000290108
732 0.592527 0.000298001
733 0.591401 0.000290475
734 0.592245 0.000300319
735 0.591478 0.000291393
736 0.591378 0.000290507
737 0.592118 0.000296943
738 0.591661 0.000294016
739 0.592086 0.000299494
740 0.593208 0.000327157
741 0.59221 0.000289592
742 0.591717 0.000291117
743 0.59152 0.000297914
744 0.590909 0.000287889
745 0.591017 0.000294829
746 0.592575 0.000296287
747 0.591664 0.000285142
748 0.591457 0.000292741
749 0.591071 0.000293995
750 0.591861 0.00029151
751 0.592129 0.000285992
752 0.592378 0.000285163
753 0.591983 0.000288478
754 0.591391 0.000288247
755 0.591721 0.000284394
756 0.590911 0.000286997
757 0.591107 0.000284513
758 0.592457 0.000291613
759 0.591646 0.000285355
760 0.591345 0.000292728
761 0.591432 0.00029876
762 0.592036 0.000285005
763 0.592714 0.000289751
764 0.591798 0.000289468
765 0.591775 0.000296456
766 0.591544 0.000297639
767 0.591987 0.000286308
768 0.592622 0.000282271
769 0.592434 0.000301166
770 0.592338 0.000283138
771 0.591871 0.000286306
772 0.592248 0.000291297
773 0.591124 0.000285605
774 0.591652 0.000290791
775 0.591978 0.000293025
776 0.591846 0.000286083
777 0.591343 0.000292142
778 0.59204 0.000288591
779 0.592213 0.000299287
780 0.591875 0.000288156
781 0.591908 0.00028582
782 0.591297 0.000280345
783 0.591542 0.000285582
784 0.591125 0.000287107
785 0.591385 0.000294052
786 0.591569 0.000286728
787 0.592125 0.000308965
788 0.591687 0.000282805
789 0.591874 0.000283735
790 0.591516 0.000280613
791 0.591608 0.00028639
792 0.591886 0.000294013
793 0.590765 0.000289117
794 0.591701 0.000284733
795 0.591444 0.000286367
796 0.591127 0.000278447
797 0.591461 0.00027469
798 0.591576 0.00028284
799 0.591689 0.000291068
800 0.592406 0.000283921
801 0.591615 0.000282507
802 0.592636 0.000281274
803 0.591721 0.000281198
804 0.591776 0.00028516
805 0.591849 0.000280761
806 0.591617 0.000286659
807 0.592364 0.000288284
808 0.59183 0.000284021
809 0.59206 0.000291396
810 0.592221 0.000290518
811 0.592223 0.000280375
812 0.591854 0.000284051
813 0.591804 0.000281623
814 0.591578 0.000290251
815 0.592478 0.000292638
816 0.592248 0.000292194
817 0.592724 0.000283104
818 0.592743 0.000286596
819 0.591601 0.000282071
820 0.59294 0.000284063
821 0.592508 0.00028925
822 0.59197 0.000289504
823 0.592584 0.000276304
824 0.592543 0.000283478
825 0.591523 0.000286102
826 0.592576 0.000297906
827 0.592158 0.000285611
828 0.592096 0.000282771
829 0.591027 0.000287602
830 0.592195 0.000287223
831 0.591945 0.000284995
832 0.592574 0.000293939
833 0.59164 0.000274257
834 0.591481 0.000288116
835 0.591775 0.000285376
836 0.592288 0.000273864
837 0.591266 0.000287556
838 0.591779 0.000278222
839 0.592442 0.00028938
840 0.592083 0.000279742
841 0.592199 0.00028439
842 0.592636 0.000290426
843 0.592178 0.000284996
844 0.592293 0.000281316
845 0.591863 0.000282393
846 0.592712 0.000286198
847 0.591666 0.00028309
848 0.592214 0.000285057
849 0.591989 0.000281221
850 0.593116 0.000283089
851 0.592053 0.00028008
852 0.592787 0.000272021
853 0.592855 0.000287403
854 0.592119 0.000276458
855 0.592849 0.000278407
856 0.591801 0.000281378
857 0.591957 0.000290759
858 0.59281 0.00028036
859 0.592555 0.000291074
860 0.591912 0.000281773
861 0.591402 0.000298762
862 0.5919 0.00028235
863 0.591832 0.000284767
864 0.592637 0.00028282
865 0.592283 0.000286816
866 0.592546 0.000287661
867 0.592681 0.000280089
868 0.592462 0.000272055
869 0.59158 0.000272571
870 0.59181 0.000291764
871 0.592378 0.000272031
872 0.59232 0.000280018
873 0.592517 0.00028476
874 0.591803 0.000288889
875 0.591646 0.000279115
876 0.592942 0.000274757
877 0.59181 0.000276227
878 0.59219 0.000269086
879 0.592238 0.000269802
880 0.591525 0.000275047
881 0.592145 0.000291116
882 0.592288 0.000275677
883 0.592225 0.000283372
884 0.591764 0.000275678
885 0.592023 0.000277916
886 0.591995 0.000272981
887 0.592163 0.000272604
888 0.591803 0.000277986
889 0.59247 0.000277267
890 0.592934 0.000268029
891 0.591097 0.000270841
892 0.591667 0.000280852
893 0.592084 0.000283236
894 0.591946 0.000276629
895 0.59182 0.000284058
896 0.591533 0.000276603
897 0.591632 0.000278687
898 0.591879 0.000279896
899 0.591151 0.000272588
