000 0.551224 0.00225258
001 0.555114 0.00224939
002 0.552471 0.00237936
003 0.554755 0.0024631
004 0.557628 0.00220939
005 0.556778 0.00221472
006 0.557356 0.00222404
007 0.556596 0.00221185
008 0.556875 0.00240699
009 0.56 0.00232363
010 0.556542 0.00238043
011 0.55592 0.00217363
012 0.558375 0.00221986
013 0.555219 0.00216041
014 0.556095 0.00213682
015 0.554507 0.00227235
016 0.555527 0.00213903
017 0.555693 0.00219013
018 0.557434 0.00215459
019 0.55581 0.00213741
020 0.55476 0.00235127
021 0.555962 0.00217771
022 0.558744 0.00222152
023 0.554622 0.00238049
024 0.555763 0.00214804
025 0.55876 0.00214174
026 0.555891 0.00221863
027 0.558078 0.00206753
028 0.553835 0.00214301
029 0.557466 0.0020629
030 0.557539 0.00194579
031 0.557023 0.00217203
032 0.557363 0.00204884
033 0.555566 0.0020621
034 0.558949 0.0019182
035 0.556611 0.00196584
036 0.557694 0.00194892
037 0.55602 0.00206467
038 0.557487 0.00192387
039 0.55705 0.00180797
040 0.55519 0.00187138
041 0.560676 0.00192204
042 0.561632 0.00174452
043 0.56214 0.00193554
044 0.559011 0.00176281
045 0.560317 0.00185813
046 0.561016 0.00188147
047 0.559803 0.00200401
048 0.561789 0.0018591
049 0.559218 0.00184778
050 0.559094 0.0019305
051 0.559617 0.00190547
052 0.55865 0.00198445
053 0.560323 0.00192645
054 0.561674 0.00188375
055 0.56212 0.00188605
056 0.562375 0.0018507
057 0.561765 0.00183955
058 0.563635 0.001769
059 0.566224 0.00184249
060 0.56572 0.00184351
061 0.568898 0.00179028
062 0.563872 0.00181266
063 0.567246 0.00182139
064 0.565921 0.00177393
065 0.56844 0.00178989
066 0.563892 0.00179762
067 0.566047 0.00174349
068 0.567907 0.00170699
069 0.567106 0.00182986
070 0.568547 0.00180781
071 0.568443 0.00189359
072 0.570139 0.0016227
073 0.569308 0.00164844
074 0.568998 0.0017666
075 0.567617 0.00165991
076 0.570552 0.00160107
077 0.568224 0.0016485
078 0.570438 0.00161964
079 0.569911 0.0016077
080 0.571088 0.0015985
081 0.570882 0.00154977
082 0.570206 0.00155746
083 0.574826 0.00155848
084 0.573494 0.00153497
085 0.573256 0.00144611
086 0.572151 0.00156158
087 0.572789 0.00152204
088 0.571064 0.00155637
089 0.573623 0.00154002
090 0.574295 0.00152374
091 0.576752 0.00139397
092 0.575584 0.00140837
093 0.575499 0.00148335
094 0.577321 0.00140824
095 0.575161 0.00155372
096 0.575627 0.0014748
097 0.57538 0.00140184
098 0.576363 0.00144511
099 0.577918 0.00140367
100 0.577432 0.00146788
101 0.579063 0.00129837
102 0.580917 0.00128994
103 0.576697 0.00134519
104 0.578351 0.00137968
105 0.579724 0.00129568
106 0.580142 0.00138007
107 0.578371 0.00136261
108 0.58013 0.00139839
109 0.577588 0.00134745
110 0.581736 0.00122699
111 0.580061 0.00125316
112 0.579583 0.00130018
113 0.578683 0.00132451
114 0.582034 0.00122301
115 0.580584 0.00129082
116 0.579716 0.00122084
117 0.580219 0.00126496
118 0.580288 0.00132104
119 0.581437 0.00125115
120 0.582478 0.00123319
121 0.584198 0.00112707
122 0.582747 0.00119173
123 0.584537 0.00123661
124 0.582946 0.00117171
125 0.583238 0.0011812
126 0.58382 0.00113317
127 0.583415 0.00117683
128 0.583155 0.00108545
129 0.583758 0.00111336
130 0.584896 0.00108576
131 0.585528 0.00108842
132 0.585463 0.0010873
133 0.585079 0.00103576
134 0.585369 0.000963186
135 0.586645 0.000994087
136 0.587164 0.00094554
137 0.585585 0.000936943
138 0.586407 0.000939579
139 0.586006 0.000978481
140 0.585797 0.000977511
141 0.584856 0.000944526
142 0.585632 0.000974676
143 0.584987 0.000943643
144 0.586245 0.000969224
145 0.585627 0.000943982
146 0.58673 0.000955002
147 0.585498 0.00091109
148 0.586502 0.000857719
149 0.586164 0.000946065
150 0.586731 0.000876742
151 0.587386 0.000867979
152 0.587259 0.000910476
153 0.586307 0.000897456
154 0.588514 0.000832719
155 0.587435 0.000905242
156 0.587965 0.000839714
157 0.589458 0.000798139
158 0.586725 0.000815284
159 0.588855 0.000737744
160 0.587653 0.000783092
161 0.588319 0.000814101
162 0.58797 0.000759871
163 0.589155 0.000776649
164 0.588764 0.000749452
165 0.588005 0.000779591
166 0.587986 0.000731387
167 0.587918 0.000702387
168 0.589121 0.000701326
169 0.588672 0.000722053
170 0.590146 0.000681767
171 0.590324 0.000730213
172 0.590209 0.000648828
173 0.590012 0.000676561
174 0.590483 0.00067079
175 0.59025 0.000652157
176 0.589958 0.000667738
177 0.589784 0.000671904
178 0.58965 0.000678655
179 0.589566 0.00068989
180 0.589945 0.000620788
181 0.588895 0.000662326
182 0.589648 0.00063257
183 0.590208 0.000641082
184 0.589704 0.000635568
185 0.590679 0.000617109
186 0.591423 0.00064141
187 0.591043 0.000615248
188 0.590472 0.000584913
189 0.590184 0.000567121
190 0.589098 0.000619207
191 0.590801 0.000578403
192 0.589005 0.000592843
193 0.590382 0.000590454
194 0.59087 0.000589059
195 0.590517 0.000606788
196 0.591309 0.000602683
197 0.590202 0.000558778
198 0.589895 0.000546727
199 0.590537 0.000552113
200 0.590741 0.000557992
201 0.590692 0.000579796
202 0.591089 0.00054936
203 0.590603 0.000557536
204 0.591419 0.000558903
205 0.591148 0.000533952
206 0.590443 0.000543846
207 0.591939 0.00053578
208 0.591185 0.000516439
209 0.591123 0.00051054
210 0.589963 0.000518149
211 0.590686 0.000538139
212 0.590268 0.00051293
213 0.591337 0.000508911
214 0.590999 0.000526688
215 0.591429 0.000503155
216 0.591331 0.000516315
217 0.590014 0.000517148
218 0.590371 0.000499646
219 0.591616 0.000518395
220 0.591835 0.000493936
221 0.590437 0.000504053
222 0.589763 0.000495648
223 0.590444 0.000493886
224 0.590553 0.000511909
225 0.590272 0.00050947
226 0.590956 0.000488946
227 0.591047 0.000478558
228 0.590414 0.00050216
229 0.591559 0.000476548
230 0.591116 0.000479211
231 0.590617 0.000498735
232 0.590929 0.000486524
233 0.59109 0.000462675
234 0.592035 0.000466708
235 0.591267 0.000474189
236 0.590978 0.000482029
237 0.59113 0.000457623
238 0.592143 0.000454542
239 0.591872 0.000454953
240 0.591098 0.000475013
241 0.590228 0.000487474
242 0.59103 0.000451618
243 0.591203 0.000465324
244 0.591358 0.000459888
245 0.591496 0.000445476
246 0.592276 0.000458262
247 0.591707 0.000454763
248 0.591563 0.000461259
249 0.591897 0.000449013
250 0.590903 0.000462064
251 0.591679 0.000448415
252 0.591437 0.000437781
253 0.590223 0.00044312
254 0.591967 0.000439603
255 0.591069 0.000438095
256 0.591248 0.00043679
257 0.592103 0.000438578
258 0.591794 0.000434515
259 0.592182 0.000439117
260 0.592049 0.000431166
261 0.592576 0.000428806
262 0.591991 0.000422135
263 0.592085 0.000434309
264 0.591167 0.000444494
265 0.591696 0.000432802
266 0.592357 0.000412405
267 0.592076 0.000426671
268 0.59241 0.000420737
269 0.590542 0.000417032
270 0.592257 0.000421234
271 0.592163 0.000426442
272 0.591978 0.000444573
273 0.591863 0.000417826
274 0.591835 0.000409717
275 0.592746 0.000421427
276 0.591438 0.000425828
277 0.591973 0.00040137
278 0.591335 0.000409453
279 0.59183 0.000418419
280 0.592271 0.000408393
281 0.592109 0.000417228
282 0.591177 0.000404015
283 0.592189 0.00040718
284 0.591925 0.000412494
285 0.591738 0.000413256
286 0.592237 0.000399499
287 0.590986 0.000409931
288 0.590875 0.000403282
289 0.592102 0.000403656
290 0.591643 0.00041057
291 0.591202 0.00040534
292 0.591097 0.000387219
293 0.592255 0.000403624
294 0.591468 0.000388828
295 0.591761 0.000402245
296 0.591533 0.000396861
297 0.592274 0.000391549
298 0.592303 0.000412651
299 0.59151 0.000407166
300 0.592199 0.00039003
301 0.591572 0.000387541
302 0.591296 0.000377671
303 0.592107 0.00039279
304 0.592846 0.000388285
305 0.59245 0.000388699
306 0.59203 0.000392188
307 0.592386 0.000384999
308 0.591311 0.000391269
309 0.59157 0.000386116
310 0.592007 0.000384468
311 0.592853 0.000390415
312 0.591705 0.000388131
313 0.59219 0.000388632
314 0.591869 0.000394637
315 0.592748 0.000383151
316 0.592183 0.000377567
317 0.591124 0.000400241
318 0.592343 0.000380572
319 0.59183 0.0003838
320 0.592445 0.000381686
321 0.591321 0.000385649
322 0.592056 0.000384438
323 0.592286 0.000383955
324 0.591114 0.000383409
325 0.591596 0.000381131
326 0.591503 0.000390134
327 0.592389 0.000386454
328 0.591924 0.000368575
329 0.592039 0.000395658
330 0.592728 0.000384491
331 0.593024 0.000381853
332 0.592504 0.000388991
333 0.59192 0.000385909
334 0.591443 0.000394117
335 0.591051 0.000383612
336 0.591795 0.000374635
337 0.591491 0.000388249
338 0.590646 0.000372423
339 0.59201 0.000386419
340 0.592056 0.000382963
341 0.591609 0.000384073
342 0.591607 0.000370428
343 0.592168 0.000366603
344 0.592012 0.000369131
345 0.592035 0.000370461
346 0.592141 0.000373735
347 0.591512 0.000380781
348 0.591325 0.000380229
349 0.592081 0.000376989
350 0.592175 0.000373161
351 0.591467 0.000372464
352 0.592472 0.000368073
353 0.591467 0.000368785
354 0.592744 0.000376381
355 0.591502 0.000378544
356 0.591505 0.000374592
357 0.59198 0.000373898
358 0.591574 0.000377765
359 0.59138 0.000388937
360 0.591635 0.000370222
361 0.592331 0.000367885
362 0.591762 0.000376111
363 0.592499 0.000360136
364 0.592056 0.00036689
365 0.591338 0.000366801
366 0.591741 0.000364372
367 0.592672 0.000370621
368 0.591384 0.000371857
369 0.590451 0.000376198
370 0.591534 0.000373716
371 0.591713 0.000364934
372 0.591941 0.00036982
373 0.592148 0.00037336
374 0.592769 0.000364739
375 0.591369 0.000359856
376 0.590788 0.000363284
377 0.59079 0.000372064
378 0.592193 0.000365261
379 0.591062 0.000361725
380 0.591981 0.000365958
381 0.591642 0.000366366
382 0.59136 0.000354461
383 0.591679 0.0003523
384 0.59212 0.00036896
385 0.592617 0.000374019
386 0.592188 0.000371829
387 0.592272 0.00037026
388 0.593016 0.000358203
389 0.590776 0.000356085
390 0.591909 0.000376208
391 0.591553 0.000362307
392 0.593026 0.000373187
393 0.592533 0.000363843
394 0.592058 0.000362444
395 0.591975 0.000367059
396 0.59116 0.000364716
397 0.591627 0.000356232
398 0.592265 0.000361924
399 0.591952 0.000359207
400 0.592177 0.000353981
401 0.591663 0.000365079
402 0.591661 0.000355335
403 0.592139 0.000362169
404 0.592054 0.000356575
405 0.592455 0.000347889
406 0.59181 0.000357567
407 0.591453 0.000356837
408 0.591899 0.000345619
409 0.592174 0.000365569
410 0.591292 0.000359635
411 0.591756 0.000351472
412 0.591534 0.000357674
413 0.591839 0.000355631
414 0.592272 0.00035601
415 0.592729 0.000357533
416 0.591595 0.000347041
417 0.5925 0.000355203
418 0.591504 0.000344088
419 0.591987 0.000351538
420 0.591285 0.000355059
421 0.591325 0.000341396
422 0.591434 0.000360672
423 0.591064 0.000353123
424 0.590886 0.000368044
425 0.591298 0.000357235
426 0.590967 0.000358224
427 0.590892 0.0003575
428 0.591023 0.000355093
429 0.590194 0.00035424
430 0.591402 0.000349522
431 0.591615 0.000364641
432 0.591483 0.000344771
433 0.590935 0.000348195
434 0.591457 0.000349141
435 0.592174 0.00035027
436 0.591872 0.000351964
437 0.591351 0.000351652
438 0.591578 0.000341124
439 0.591379 0.000342017
440 0.590431 0.000352129
441 0.592318 0.000355781
442 0.591824 0.000355852
443 0.591663 0.000352844
444 0.591909 0.000348736
445 0.59088 0.000345518
446 0.591879 0.00034778
447 0.592088 0.000352618
448 0.591235 0.000349834
449 0.591154 0.000339488
450 0.592322 0.000347803
451 0.591292 0.000343741
452 0.591623 0.000355414
453 0.591893 0.000342651
454 0.591889 0.000344085
455 0.591521 0.000343151
456 0.591694 0.000334247
457 0.591887 0.000340484
458 0.590969 0.000344038
459 0.590414 0.000344571
460 0.591152 0.000334456
461 0.591709 0.000346077
462 0.591171 0.000344649
463 0.592088 0.000351932
464 0.591373 0.00034618
465 0.591743 0.000346459
466 0.591929 0.000345839
467 0.591386 0.000340005
468 0.592314 0.000342863
469 0.591732 0.000349305
470 0.591545 0.000340732
471 0.591837 0.000357436
472 0.591509 0.000343086
473 0.591255 0.000348418
474 0.591778 0.000334866
475 0.591398 0.000351868
476 0.591868 0.000335414
477 0.591186 0.000342539
478 0.590955 0.000345041
479 0.592205 0.000336768
480 0.591703 0.000334948
481 0.591114 0.000344158
482 0.591562 0.000334215
483 0.591926 0.000339374
484 0.592114 0.00033554
485 0.590649 0.000345846
486 0.591278 0.000345022
487 0.591627 0.000338415
488 0.591115 0.000337088
489 0.590907 0.000343755
490 0.590844 0.000335925
491 0.591252 0.000346481
492 0.591758 0.000336449
493 0.590646 0.000338782
494 0.591289 0.000337478
495 0.591501 0.000337192
496 0.591843 0.000341285
497 0.591597 0.000338319
498 0.59121 0.000335422
499 0.590268 0.000340288
500 0.591421 0.000327819
501 0.591125 0.000336741
502 0.590473 0.000341573
503 0.591547 0.000331869
504 0.591124 0.00034454
505 0.591039 0.000346716
506 0.591348 0.000330057
507 0.591267 0.000332253
508 0.591143 0.000341574
509 0.591066 0.000337524
510 0.591455 0.000341773
511 0.591505 0.000325836
512 0.590841 0.00033982
513 0.590827 0.000350491
514 0.591418 0.00034106
515 0.59138 0.000333102
516 0.590951 0.000330949
517 0.590976 0.000336642
518 0.591145 0.000340624
519 0.591156 0.000331058
520 0.590291 0.000332271
521 0.591055 0.00033709
522 0.591523 0.000339267
523 0.590478 0.000328212
524 0.590607 0.000329689
525 0.590429 0.000335432
526 0.590793 0.000332726
527 0.590346 0.000337881
528 0.591121 0.000333991
529 0.591128 0.000326175
530 0.59129 0.000319185
531 0.590571 0.000331418
532 0.591034 0.000327622
533 0.590017 0.000325932
534 0.59071 0.000333336
535 0.591295 0.000332457
536 0.591218 0.000323267
537 0.590991 0.000325644
538 0.591343 0.000324158
539 0.59172 0.000320303
540 0.591447 0.000333005
541 0.590695 0.000330631
542 0.59019 0.000327018
543 0.590902 0.000332136
544 0.591273 0.000319786
545 0.590486 0.000326921
546 0.590661 0.00032309
547 0.591086 0.000318544
548 0.59148 0.000326277
549 0.590192 0.000325071
550 0.591528 0.000328429
551 0.590708 0.000327619
552 0.590228 0.000324522
553 0.591908 0.000317829
554 0.590068 0.000320281
555 0.590631 0.000320448
556 0.591478 0.000327729
557 0.590944 0.000322993
558 0.590615 0.000314567
559 0.59122 0.000314934
560 0.590892 0.000321358
561 0.590859 0.000318944
562 0.591136 0.000323858
563 0.590782 0.0003193
564 0.59108 0.00032527
565 0.591194 0.000312292
566 0.591077 0.000311322
567 0.591497 0.000320982
568 0.591106 0.000324781
569 0.591383 0.000317497
570 0.591783 0.000306268
571 0.590588 0.000314224
572 0.590828 0.000307395
573 0.590757 0.000306385
574 0.59149 0.000317617
575 0.591252 0.000304962
576 0.59119 0.000310885
577 0.591364 0.000315288
578 0.592044 0.000310383
579 0.591025 0.000320616
580 0.591447 0.000308393
581 0.591222 0.000310284
582 0.591094 0.0003111
583 0.591321 0.000316554
584 0.591423 0.000319731
585 0.591047 0.000318044
586 0.591458 0.000319881
587 0.591117 0.000306443
588 0.591499 0.000312872
589 0.591458 0.000315247
590 0.591069 0.000306466
591 0.591493 0.000309718
592 0.591143 0.000311155
593 0.591708 0.000313057
594 0.590639 0.000315524
595 0.590013 0.000319592
596 0.590382 0.000310529
597 0.590897 0.000310528
598 0.59086 0.000306671
599 0.590787 0.000311037
600 0.591197 0.000308004
601 0.591151 0.00030416
602 0.590411 0.000311436
603 0.591179 0.000305142
604 0.590667 0.000302912
605 0.590618 0.000313675
606 0.590904 0.000309721
607 0.59075 0.000312065
608 0.590731 0.000311823
609 0.591258 0.000308867
610 0.590743 0.000297916
611 0.59061 0.00030663
612 0.590543 0.000302933
613 0.591381 0.000313012
614 0.590684 0.000312394
615 0.590705 0.000312919
616 0.591237 0.000313016
617 0.590498 0.000304386
618 0.591435 0.000311876
619 0.59131 0.000317876
620 0.591296 0.000314827
621 0.591237 0.000312454
622 0.591083 0.000307718
623 0.591115 0.000313439
624 0.591657 0.000308403
625 0.591009 0.000313439
626 0.591592 0.000313628
627 0.591117 0.000307637
628 0.591801 0.000300452
629 0.59116 0.000309513
630 0.591328 0.000308501
631 0.590729 0.000304419
632 0.591514 0.000312463
633 0.591009 0.000309673
634 0.591446 0.000324462
635 0.591449 0.000310404
636 0.591372 0.000301169
637 0.590396 0.000311615
638 0.591299 0.000320293
639 0.591495 0.000313965
640 0.59158 0.000309118
641 0.590558 0.000316294
642 0.590688 0.000297546
643 0.590668 0.000300777
644 0.591453 0.000304694
645 0.591132 0.000309544
646 0.590902 0.000313332
647 0.590675 0.000307424
648 0.591501 0.000308174
649 0.591021 0.000310043
650 0.590762 0.000308156
651 0.590964 0.00030461
652 0.590409 0.000311265
653 0.591391 0.000309233
654 0.59041 0.000304257
655 0.590758 0.000301695
656 0.590298 0.000306059
657 0.591534 0.000303872
658 0.59149 0.000306259
659 0.590497 0.000310425
660 0.590734 0.000316978
661 0.590511 0.000308311
662 0.591117 0.000300102
663 0.591075 0.000300967
664 0.591704 0.000304049
665 0.590955 0.000314526
666 0.591253 0.000309846
667 0.591275 0.000307824
668 0.590822 0.000315733
669 0.59246 0.000304416
670 0.590811 0.000295459
671 0.59128 0.000307223
672 0.590779 0.000303447
673 0.591428 0.000305268
674 0.591107 0.000299474
675 0.590735 0.000301424
676 0.590931 0.000305353
677 0.591916 0.000299208
678 0.590764 0.000309459
679 0.591001 0.000297183
680 0.591293 0.000305767
681 0.591177 0.00029829
682 0.590468 0.000288759
683 0.591222 0.000301874
684 0.590451 0.000301608
685 0.591426 0.000298403
686 0.590698 0.000297134
687 0.591086 0.000298928
688 0.591975 0.000306517
689 0.590866 0.000304873
690 0.591246 0.000296822
691 0.591504 0.000294655
692 0.591133 0.000293874
693 0.591662 0.000304248
694 0.591498 0.00029989
695 0.591445 0.000298224
696 0.591227 0.000296572
697 0.590573 0.000305373
698 0.591468 0.000298478
699 0.590664 0.000295038
700 0.591188 0.000289868
701 0.59152 0.000292771
702 0.591369 0.00029878
703 0.591977 0.000297613
704 0.59138 0.00029727
705 0.591365 0.000296796
706 0.590757 0.000296652
707 0.59116 0.000293996
708 0.591058 0.000299922
709 0.591681 0.000300184
710 0.591224 0.000293826
711 0.590981 0.000291424
712 0.590443 0.00029945
713 0.591881 0.000293111
714 0.591036 0.000298903
715 0.591516 0.000298757
716 0.591475 0.000301598
717 0.591145 0.000304121
718 0.590512 0.000294714
719 0.590954 0.000298701
720 0.59124 0.000297409
721 0.590899 0.000293397
722 0.59053 0.000293153
723 0.591466 0.000293329
724 0.590998 0.000295828
725 0.590501 0.000298434
726 0.590953 0.000297715
727 0.591098 0.00029654
728 0.590794 0.000295547
729 0.590728 0.000291118
730 0.59165 0.000302985
731 0.590874 0.000292568
732 0.591783 0.000300323
733 0.590696 0.000291735
734 0.591515 0.000295488
735 0.59077 0.000292934
736 0.590678 0.000291002
737 0.591386 0.000297987
738 0.590947 0.000294809
739 0.591346 0.000300232
740 0.592389 0.000310886
741 0.591514 0.000291423
742 0.591021 0.000291967
743 0.590784 0.000301417
744 0.590221 0.000289431
745 0.590297 0.000296483
746 0.591849 0.000295338
747 0.590988 0.000285618
748 0.590736 0.000295709
749 0.590347 0.000295868
750 0.59115 0.000292822
751 0.591438 0.000287734
752 0.591697 0.000286092
753 0.591286 0.000289774
754 0.590691 0.000289312
755 0.591038 0.000286337
756 0.590217 0.000288321
757 0.590427 0.000285833
758 0.591744 0.00029297
759 0.590965 0.000285621
760 0.590623 0.000295699
761 0.590689 0.000299668
762 0.591362 0.00028586
763 0.592011 0.000291849
764 0.591096 0.000291063
765 0.591041 0.000298933
766 0.590807 0.000299084
767 0.591299 0.000289949
768 0.591964 0.000282677
769 0.591678 0.000303507
770 0.591673 0.000284034
771 0.59119 0.000287925
772 0.591544 0.000293559
773 0.59045 0.000288168
774 0.590945 0.000292908
775 0.591263 0.000293507
776 0.591167 0.000286427
777 0.590626 0.000295261
778 0.591347 0.000289099
779 0.591479 0.000296882
780 0.591181 0.000288871
781 0.591228 0.000286628
782 0.590647 0.000280183
783 0.590863 0.000287426
784 0.59044 0.000288417
785 0.590676 0.000290628
786 0.590881 0.000288286
787 0.591384 0.000293906
788 0.59102 0.000283121
789 0.591198 0.000284322
790 0.590859 0.00028095
791 0.59092 0.00028778
792 0.591162 0.000295662
793 0.590064 0.000289654
794 0.59102 0.000286471
795 0.59075 0.000288811
796 0.590477 0.000278934
797 0.59083 0.000275062
798 0.590903 0.000285176
799 0.590975 0.000291883
800 0.591727 0.000285484
801 0.590942 0.000283854
802 0.591973 0.000281925
803 0.591059 0.000283321
804 0.591101 0.000284828
805 0.591191 0.000281043
806 0.590927 0.000287043
807 0.591664 0.000290236
808 0.591155 0.00028535
809 0.591352 0.000291163
810 0.591514 0.000291513
811 0.591567 0.000280891
812 0.591181 0.00028575
813 0.591139 0.000283205
814 0.590889 0.0002871
815 0.591766 0.000292992
816 0.591531 0.000294589
817 0.592051 0.000285485
818 0.59205 0.000289208
819 0.590933 0.000284162
820 0.592259 0.00028564
821 0.591805 0.000290681
822 0.591271 0.000290258
823 0.591948 0.000276693
824 0.591875 0.000284117
825 0.590831 0.000287647
826 0.591854 0.000291299
827 0.591474 0.000286455
828 0.591426 0.000282937
829 0.590326 0.000289866
830 0.591497 0.000289778
831 0.591258 0.000287089
832 0.591856 0.000289862
833 0.591 0.000275151
834 0.590776 0.000289134
835 0.591081 0.000285657
836 0.591648 0.000274731
837 0.590561 0.000290121
838 0.591116 0.000281431
839 0.591729 0.000290084
840 0.59141 0.000283011
841 0.591506 0.000286626
842 0.591927 0.000287775
843 0.591489 0.000285731
844 0.59162 0.000282224
845 0.591187 0.000283577
846 0.592018 0.000286712
847 0.590987 0.000284291
848 0.591528 0.000285166
849 0.591318 0.000280873
850 0.59243 0.000284248
851 0.591385 0.000279709
852 0.592149 0.000272911
853 0.592143 0.000292004
854 0.591467 0.00027721
855 0.592188 0.000280204
856 0.591142 0.000275651
857 0.591266 0.000283476
858 0.592156 0.000280951
859 0.591863 0.000284334
860 0.591242 0.000281072
861 0.590695 0.000283926
862 0.591221 0.000283356
863 0.591142 0.000286266
864 0.591957 0.000283253
865 0.591605 0.000282412
866 0.591852 0.000285594
867 0.592018 0.000280186
868 0.591832 0.000274287
869 0.590949 0.000273495
870 0.591129 0.000279968
871 0.59175 0.00027296
872 0.59165 0.00028177
873 0.591842 0.000280811
874 0.591126 0.00027965
875 0.59099 0.000277738
876 0.592303 0.000275615
877 0.591161 0.000278342
878 0.591572 0.000270526
879 0.591624 0.000271042
880 0.590882 0.000276028
881 0.591425 0.000292159
882 0.591642 0.000276607
883 0.591538 0.000285797
884 0.591116 0.000276259
885 0.591368 0.000278973
886 0.591356 0.000274147
887 0.591531 0.000273861
888 0.591143 0.00028108
889 0.591818 0.000277948
890 0.592312 0.000270443
891 0.590472 0.00027206
892 0.590988 0.000284839
893 0.591398 0.000284889
894 0.591289 0.000278275
895 0.591126 0.000285005
896 0.590887 0.000275945
897 0.590963 0.000280482
898 0.591208 0.000281851
899 0.590506 0.000273497
