000 0.537614 0.00781196
001 0.5417 0.005559
002 0.540296 0.00630173
003 0.550877 0.00634621
004 0.543233 0.00607834
005 0.547489 0.00573274
006 0.543291 0.00686597
007 0.553595 0.00632411
008 0.545242 0.00726677
009 0.549464 0.00652044
010 0.546016 0.00604301
011 0.546013 0.00564435
012 0.553909 0.00503922
013 0.546523 0.00553549
014 0.548121 0.00589776
015 0.542187 0.00380836
016 0.549681 0.00455107
017 0.542898 0.00420757
018 0.545818 0.00479168
019 0.544105 0.00495271
020 0.542512 0.00498758
021 0.543462 0.00491406
022 0.549406 0.00542924
023 0.556977 0.00542482
024 0.555366 0.00459088
025 0.557674 0.00546849
026 0.547446 0.00550788
027 0.547722 0.00500157
028 0.557547 0.00450776
029 0.550751 0.0054134
030 0.552528 0.00504729
031 0.553033 0.00518496
032 0.548257 0.00640441
033 0.553913 0.00557413
034 0.548238 0.00469181
035 0.554488 0.00532629
036 0.554034 0.00506635
037 0.554851 0.00454161
038 0.556847 0.00429995
039 0.556267 0.00406667
040 0.548836 0.00483286
041 0.555804 0.00416798
042 0.545715 0.00448094
043 0.54711 0.00449811
044 0.551993 0.00454668
045 0.550428 0.00446609
046 0.555628 0.00422073
047 0.555581 0.00357477
048 0.555081 0.00378796
049 0.553539 0.00471245
050 0.552239 0.00347939
051 0.555594 0.00358237
052 0.551934 0.00369405
053 0.555362 0.00374587
054 0.551399 0.00384861
055 0.552626 0.00360653
056 0.550642 0.00373614
057 0.550126 0.00396661
058 0.552068 0.00368575
059 0.549834 0.00344066
060 0.552537 0.00346386
061 0.547779 0.00364923
062 0.548737 0.00359996
063 0.551341 0.00284693
064 0.551637 0.00339606
065 0.554719 0.00341847
066 0.552669 0.00332276
067 0.551746 0.0031876
068 0.549716 0.00318725
069 0.552412 0.00336931
070 0.554773 0.00293967
071 0.553434 0.00322458
072 0.556437 0.00311985
073 0.557635 0.00258873
074 0.554019 0.00305875
075 0.553513 0.002962
076 0.553393 0.00267914
077 0.554135 0.00291587
078 0.55214 0.00271652
079 0.553548 0.00279934
080 0.554628 0.00266891
081 0.554876 0.00309547
082 0.551917 0.00324203
083 0.555278 0.00270175
084 0.554107 0.00289603
085 0.555141 0.00277993
086 0.55288 0.00284291
087 0.557548 0.00269255
088 0.555988 0.0025738
089 0.555017 0.00261562
090 0.555946 0.00286746
091 0.555159 0.00298247
092 0.557152 0.00240245
093 0.557704 0.00248081
094 0.555181 0.00249224
095 0.554184 0.00273072
096 0.555917 0.00253274
097 0.560871 0.00256498
098 0.556606 0.00291065
099 0.555907 0.00261718
100 0.55667 0.00255579
101 0.554252 0.00269149
102 0.555203 0.0027722
103 0.555717 0.00265674
104 0.552141 0.00292175
105 0.555147 0.00255698
106 0.553446 0.0026823
107 0.55391 0.00255359
108 0.556532 0.00241033
109 0.552557 0.00252588
110 0.555381 0.00251013
111 0.55194 0.00240084
112 0.553608 0.00254416
113 0.551464 0.0025543
114 0.55549 0.00260348
115 0.556652 0.00249441
116 0.553425 0.00257445
117 0.554826 0.00261044
118 0.553598 0.00247217
119 0.555866 0.00274068
120 0.550633 0.00280633
121 0.554837 0.00258891
122 0.554617 0.00276227
123 0.554842 0.00270461
124 0.555334 0.00256329
125 0.557677 0.00247341
126 0.554558 0.00269322
127 0.555958 0.00250898
128 0.554534 0.00254784
129 0.555293 0.00242446
130 0.560432 0.0021911
131 0.557542 0.00220501
132 0.55561 0.00236149
133 0.559903 0.00223057
134 0.558344 0.00227203
135 0.561429 0.00200893
136 0.556468 0.00220363
137 0.559027 0.00223197
138 0.554842 0.00217171
139 0.556588 0.00206965
140 0.555745 0.00229138
141 0.557635 0.00216427
142 0.557191 0.00209937
143 0.555953 0.00219604
144 0.555937 0.00235572
145 0.556572 0.00212462
146 0.558163 0.00203855
147 0.556482 0.00240878
148 0.558654 0.00229231
149 0.559657 0.00216082
150 0.558771 0.00217902
151 0.55456 0.00235211
152 0.554654 0.00237468
153 0.555012 0.00226602
154 0.558452 0.00228646
155 0.557208 0.00232166
156 0.554871 0.00222144
157 0.554873 0.00216642
158 0.554242 0.00226348
159 0.555533 0.00215752
160 0.554704 0.00215321
161 0.556148 0.00226281
162 0.556112 0.00229168
163 0.556204 0.00215823
164 0.55506 0.00228924
165 0.556767 0.00240829
166 0.553556 0.00208637
167 0.555698 0.00208184
168 0.555598 0.00224492
169 0.556268 0.0020077
170 0.554714 0.00213314
171 0.555127 0.00203385
172 0.556513 0.00211506
173 0.555849 0.00218354
174 0.557462 0.00211883
175 0.555889 0.0021154
176 0.559063 0.00224985
177 0.55915 0.00195109
178 0.557471 0.00223128
179 0.557752 0.00229939
180 0.556264 0.0022035
181 0.557185 0.00206495
182 0.555528 0.00204482
183 0.55716 0.00210257
184 0.55805 0.00195252
185 0.557845 0.00199574
186 0.555052 0.0022162
187 0.554064 0.00207286
188 0.554802 0.00213679
189 0.557637 0.00220667
190 0.554947 0.00203924
191 0.555874 0.0019894
192 0.556414 0.0019951
193 0.5552 0.0020142
194 0.557045 0.00214146
195 0.555431 0.00217251
196 0.560046 0.00200528
197 0.557013 0.00200203
198 0.558738 0.00198212
199 0.556845 0.00195909
200 0.554833 0.00205413
201 0.552996 0.00194611
202 0.556631 0.00195704
203 0.555179 0.00200797
204 0.556191 0.00191625
205 0.556514 0.00191551
206 0.555278 0.0018288
207 0.556806 0.00190731
208 0.557062 0.0018865
209 0.555568 0.00195299
210 0.557329 0.00195698
211 0.555277 0.00196223
212 0.556277 0.00198179
213 0.558676 0.00181768
214 0.557624 0.00187235
215 0.558334 0.00192051
216 0.557055 0.00181438
217 0.556643 0.00192073
218 0.55726 0.00194361
219 0.558036 0.00180195
220 0.55765 0.00194587
221 0.556006 0.00207374
222 0.557548 0.00184368
223 0.557585 0.00194771
224 0.556856 0.0019131
225 0.556949 0.00199583
226 0.557623 0.00207451
227 0.558871 0.00192277
228 0.557992 0.00190353
229 0.558183 0.00206659
230 0.559779 0.0018907
231 0.556941 0.00204758
232 0.558192 0.00192863
233 0.557501 0.00195506
234 0.557816 0.00198077
235 0.557837 0.00193239
236 0.55668 0.00196311
237 0.55894 0.00188121
238 0.557166 0.00194737
239 0.559439 0.00184931
240 0.555047 0.0020458
241 0.557187 0.00188551
242 0.557618 0.0019341
243 0.55477 0.00186691
244 0.556006 0.00187421
245 0.556027 0.00190718
246 0.555582 0.0019706
247 0.557824 0.00180043
248 0.555414 0.00197151
249 0.554061 0.00192822
250 0.555671 0.00183151
251 0.553423 0.00195722
252 0.555198 0.00193437
253 0.556625 0.0018335
254 0.556766 0.00205389
255 0.557354 0.00212939
256 0.556936 0.00192698
257 0.556304 0.00182278
258 0.55506 0.00186989
259 0.555652 0.00183545
260 0.55617 0.00177724
261 0.55511 0.00184591
262 0.555153 0.00186379
263 0.555245 0.00184004
264 0.554577 0.00191459
265 0.555638 0.00185632
266 0.557545 0.00178063
267 0.556027 0.00190083
268 0.556089 0.00179992
269 0.556814 0.00184131
270 0.55777 0.00177168
271 0.557718 0.00181761
272 0.557273 0.00188323
273 0.55537 0.00183751
274 0.556183 0.00181503
275 0.556222 0.0017271
276 0.557817 0.00168559
277 0.558758 0.00172219
278 0.559325 0.00169653
279 0.556371 0.0017979
280 0.555689 0.00177391
281 0.557742 0.00173241
282 0.555313 0.00188429
283 0.557165 0.00167554
284 0.555135 0.00181784
285 0.55681 0.00180337
286 0.556012 0.00170699
287 0.556131 0.0018517
288 0.556586 0.00190614
289 0.557052 0.00173794
290 0.555669 0.00184014
291 0.558563 0.00161959
292 0.557478 0.0017264
293 0.558355 0.00168024
294 0.558777 0.00163171
295 0.55779 0.00168206
296 0.558124 0.00174062
297 0.557526 0.00165782
298 0.558996 0.00169021
299 0.557386 0.0018105
300 0.556764 0.00167651
301 0.558941 0.00166461
302 0.557855 0.00168504
303 0.558463 0.00167536
304 0.557708 0.00173425
305 0.557903 0.00171489
306 0.556798 0.00173213
307 0.55864 0.00166332
308 0.55753 0.00171842
309 0.557748 0.00174892
310 0.558217 0.00166441
311 0.558809 0.00177923
312 0.557867 0.00175639
313 0.559098 0.00172073
314 0.556706 0.0016936
315 0.558332 0.00169172
316 0.56023 0.00154159
317 0.558406 0.0015783
318 0.558653 0.00169542
319 0.556786 0.00163641
320 0.559468 0.00164662
321 0.556853 0.0017143
322 0.557672 0.00173658
323 0.555794 0.00180426
324 0.557406 0.00170569
325 0.558569 0.00153274
326 0.556405 0.00169945
327 0.55732 0.00173663
328 0.557887 0.00188787
329 0.556855 0.00197549
330 0.557547 0.00177857
331 0.55624 0.00190598
332 0.556192 0.00193871
333 0.558289 0.00163531
334 0.55499 0.00188026
335 0.557795 0.00170337
336 0.559428 0.00165996
337 0.558655 0.00166261
338 0.556883 0.00163504
339 0.55603 0.00173116
340 0.556215 0.00180162
341 0.555517 0.00170315
342 0.55619 0.00178711
343 0.55893 0.00164079
344 0.556037 0.00185086
345 0.557415 0.00172528
346 0.556842 0.00185377
347 0.557207 0.00187381
348 0.556087 0.00190593
349 0.555611 0.0017409
350 0.555497 0.00161549
351 0.556956 0.00166771
352 0.555369 0.00158807
353 0.555401 0.0016314
354 0.555928 0.00159378
355 0.554506 0.00170305
356 0.557083 0.00166964
357 0.556255 0.0018794
358 0.556255 0.00165133
359 0.556354 0.00170239
360 0.557452 0.00160831
361 0.556482 0.00162701
362 0.555521 0.00179756
363 0.556411 0.001593
364 0.556198 0.00171828
365 0.556175 0.00166694
366 0.554404 0.00191427
367 0.55518 0.00163932
368 0.555212 0.0017043
369 0.555324 0.00163787
370 0.55583 0.00170478
371 0.557256 0.00156991
372 0.556759 0.00159245
373 0.555637 0.00159337
374 0.553866 0.00173363
375 0.557047 0.00157626
376 0.556509 0.00159879
377 0.557639 0.00157674
378 0.556806 0.0016154
379 0.556357 0.00184683
380 0.557156 0.00163785
381 0.556829 0.00194339
382 0.556184 0.00179961
383 0.557537 0.00162496
384 0.556996 0.00155006
385 0.554983 0.0017333
386 0.556516 0.00163267
387 0.558803 0.00162872
388 0.555996 0.0015717
389 0.557288 0.00165842
390 0.557038 0.00153479
391 0.557729 0.00158488
392 0.554642 0.00188652
393 0.557697 0.00165831
394 0.556888 0.00169604
395 0.55489 0.00167074
396 0.55458 0.00191269
397 0.555426 0.00173037
398 0.556275 0.00172137
399 0.556039 0.00164539
400 0.557147 0.001696
401 0.554461 0.00173889
402 0.556934 0.00169419
403 0.556442 0.00162405
404 0.556194 0.00160357
405 0.556306 0.00162176
406 0.555661 0.0017006
407 0.556584 0.00160942
408 0.554602 0.00168583
409 0.556313 0.00169976
410 0.557342 0.00174386
411 0.556798 0.0016209
412 0.557286 0.00158486
413 0.55637 0.0016219
414 0.555979 0.00163992
415 0.556194 0.00168171
416 0.557956 0.00155575
417 0.557257 0.00161137
418 0.557843 0.00161066
419 0.559274 0.00164619
420 0.557528 0.00166079
421 0.555203 0.00165491
422 0.55786 0.00161946
423 0.556392 0.00160888
424 0.557604 0.00150743
425 0.556973 0.00162385
426 0.558172 0.00166302
427 0.558901 0.00158498
428 0.556327 0.00167084
429 0.556956 0.00166524
430 0.557196 0.00161391
431 0.55709 0.00158796
432 0.556017 0.00160803
433 0.557218 0.00163003
434 0.557508 0.00153116
435 0.557149 0.00166227
436 0.558428 0.00156457
437 0.55795 0.00169192
438 0.559313 0.00154852
439 0.557373 0.00159106
440 0.555996 0.00164698
441 0.55563 0.00159632
442 0.55748 0.00168386
443 0.559821 0.00163848
444 0.557311 0.00159295
445 0.55823 0.00162404
446 0.557864 0.00151738
447 0.558652 0.00163217
448 0.557073 0.00154607
449 0.559029 0.00155099
450 0.557779 0.00168192
451 0.558186 0.00157758
452 0.556544 0.00156746
453 0.558336 0.0016332
454 0.557162 0.00160113
455 0.558643 0.00157304
456 0.556763 0.0016197
457 0.557764 0.00161269
458 0.557683 0.00154716
459 0.557193 0.00162436
460 0.554921 0.00173376
461 0.557193 0.00166509
462 0.558541 0.00164481
463 0.557757 0.0016214
464 0.557502 0.00165111
465 0.557422 0.00150404
466 0.557628 0.00158701
467 0.557428 0.00162685
468 0.557657 0.0016308
469 0.557971 0.00156099
470 0.559623 0.00162768
471 0.558067 0.00165435
472 0.55813 0.00157911
473 0.558091 0.00165135
474 0.558074 0.00167062
475 0.556858 0.00168995
476 0.559113 0.00162624
477 0.559013 0.00159488
478 0.556652 0.00159773
479 0.557684 0.0015985
480 0.556271 0.00163924
481 0.558436 0.00165443
482 0.557681 0.00153177
483 0.557753 0.00161319
484 0.558915 0.00170796
485 0.557444 0.00163887
486 0.55831 0.00167282
487 0.558553 0.00156598
488 0.55903 0.00162891
489 0.557487 0.00165259
490 0.557623 0.00177466
491 0.55792 0.00167902
492 0.558676 0.00160732
493 0.55847 0.00171197
494 0.559149 0.00157312
495 0.558972 0.00170646
496 0.55964 0.00170042
497 0.558635 0.00166105
498 0.559316 0.00172005
499 0.56019 0.00170377
500 0.557909 0.00165786
501 0.559636 0.00163109
502 0.559035 0.00169847
503 0.559197 0.00158784
504 0.560347 0.00155957
505 0.559398 0.00167845
506 0.55913 0.00161866
507 0.558348 0.00164977
508 0.560365 0.00158242
509 0.559039 0.00163446
510 0.560159 0.00152578
511 0.558655 0.00152138
512 0.558705 0.00156579
513 0.559548 0.00159563
514 0.560489 0.00163504
515 0.558074 0.00159312
516 0.558202 0.00164173
517 0.559421 0.00161141
518 0.558568 0.00157679
519 0.559766 0.00158082
520 0.55862 0.00161158
521 0.5582 0.00163923
522 0.559434 0.00160194
523 0.55745 0.00169053
524 0.560445 0.00157712
525 0.559055 0.00164499
526 0.558782 0.00167302
527 0.55854 0.00156027
528 0.557724 0.00169101
529 0.558577 0.00164683
530 0.557517 0.00166716
531 0.558867 0.00162284
532 0.558029 0.00166871
533 0.557347 0.00160543
534 0.557341 0.0016041
535 0.556595 0.00157005
536 0.557366 0.00155371
537 0.561077 0.00149364
538 0.5593 0.00166872
539 0.561336 0.00152272
540 0.557735 0.00151932
541 0.558102 0.00153142
542 0.558989 0.00154021
543 0.556519 0.00171861
544 0.557523 0.00167185
545 0.557689 0.00160868
546 0.557262 0.00158121
547 0.558445 0.00157878
548 0.557969 0.00158916
549 0.55848 0.00162012
550 0.557046 0.0015558
551 0.558352 0.00157367
552 0.558706 0.00160165
553 0.558145 0.00157849
554 0.558559 0.0015697
555 0.559113 0.00156015
556 0.559631 0.00151821
557 0.558505 0.00154372
558 0.55902 0.00156021
559 0.557186 0.00182312
560 0.558531 0.00154448
561 0.558362 0.00149025
562 0.556826 0.00167283
563 0.556927 0.00168406
564 0.558384 0.00154756
565 0.558197 0.00151048
566 0.559427 0.00153489
567 0.557345 0.00162665
568 0.558874 0.00155902
569 0.557748 0.00154814
570 0.557864 0.0015617
571 0.557221 0.00152877
572 0.557997 0.00152996
573 0.556921 0.00156643
574 0.557758 0.00160893
575 0.557092 0.0015238
576 0.558393 0.0015303
577 0.557929 0.00154277
578 0.556956 0.00161125
579 0.559722 0.00150572
580 0.55817 0.00152458
581 0.557596 0.00163912
582 0.559953 0.00152112
583 0.559368 0.00155504
584 0.558824 0.00154096
585 0.559718 0.00151995
586 0.557137 0.0015721
587 0.559192 0.00151271
588 0.559542 0.00148572
589 0.559212 0.00146372
590 0.558921 0.00147968
591 0.560391 0.00147193
592 0.560819 0.00144934
593 0.561882 0.00145482
594 0.560788 0.00154819
595 0.560047 0.0015442
596 0.559686 0.00151519
597 0.559152 0.00147298
598 0.55998 0.00156665
599 0.560606 0.00148088
600 0.559446 0.0014648
601 0.560838 0.0014941
602 0.558373 0.00149084
603 0.559902 0.0015007
604 0.559252 0.00150285
605 0.559448 0.00143921
606 0.559865 0.00148086
607 0.559047 0.00143867
608 0.55784 0.00152306
609 0.559177 0.00154739
610 0.560316 0.00153038
611 0.560138 0.00155998
612 0.558844 0.00149953
613 0.558808 0.00153972
614 0.559954 0.00150364
615 0.559213 0.00156151
616 0.560294 0.00162708
617 0.558079 0.00149
618 0.55863 0.00152937
619 0.558724 0.00147391
620 0.559047 0.00153336
621 0.561058 0.00147613
622 0.558601 0.00153102
623 0.559043 0.0014931
624 0.558373 0.00150364
625 0.557833 0.001516
626 0.557023 0.00153602
627 0.558658 0.00149621
628 0.558414 0.00149893
629 0.557978 0.00151812
630 0.55858 0.00153977
631 0.559259 0.00151777
632 0.559771 0.00152972
633 0.561047 0.00147011
634 0.55644 0.00150942
635 0.557144 0.00155333
636 0.558867 0.00151019
637 0.559966 0.00156208
638 0.559405 0.0014353
639 0.560447 0.00140782
640 0.559625 0.00151708
641 0.558599 0.00147243
642 0.559015 0.00148159
643 0.559071 0.00155235
644 0.559668 0.00153871
645 0.557425 0.00160315
646 0.559046 0.00149895
647 0.558383 0.00148436
648 0.558544 0.00162965
649 0.558421 0.00147509
650 0.558459 0.00160209
651 0.557616 0.00161105
652 0.557814 0.00162833
653 0.558413 0.00149537
654 0.558745 0.00156406
655 0.558156 0.00147326
656 0.557951 0.00152797
657 0.558568 0.00151604
658 0.55991 0.00151789
659 0.558661 0.00150298
660 0.558372 0.00144448
661 0.559238 0.00160679
662 0.558414 0.0014595
663 0.558189 0.00149681
664 0.558283 0.00149741
665 0.558292 0.00149301
666 0.559618 0.00150754
667 0.557239 0.00161405
668 0.557065 0.001567
669 0.558158 0.00159046
670 0.55957 0.00147531
671 0.557227 0.00154072
672 0.557946 0.00147258
673 0.558545 0.0015123
674 0.559543 0.0015189
675 0.559297 0.00144398
676 0.558876 0.00154165
677 0.558961 0.00152923
678 0.560093 0.00148534
679 0.560892 0.00157534
680 0.558339 0.00150529
681 0.560066 0.00147317
682 0.559333 0.00152951
683 0.559516 0.00148327
684 0.561126 0.00146894
685 0.55901 0.00155856
686 0.558584 0.00155157
687 0.557156 0.00160204
688 0.559235 0.00145442
689 0.5577 0.00157191
690 0.558792 0.00148394
691 0.558484 0.00151159
692 0.559201 0.00149106
693 0.557673 0.0015638
694 0.558215 0.00157762
695 0.559042 0.00158989
696 0.557669 0.00158566
697 0.558645 0.00151174
698 0.558457 0.00155277
699 0.558964 0.00158092
700 0.559553 0.00145551
701 0.559321 0.0014312
702 0.560123 0.00143858
703 0.559548 0.00161219
704 0.56062 0.00149216
705 0.559905 0.00144588
706 0.560191 0.00147785
707 0.560861 0.00145341
708 0.559836 0.00147278
709 0.559108 0.00151405
710 0.558898 0.00144637
711 0.560638 0.00140328
712 0.560175 0.00151534
713 0.556987 0.00167396
714 0.558023 0.00161798
715 0.557568 0.00155539
716 0.557915 0.00165204
717 0.558523 0.00175251
718 0.557436 0.00157762
719 0.558015 0.00156103
720 0.560002 0.00162936
721 0.558383 0.00147415
722 0.557132 0.00171734
723 0.557137 0.00162431
724 0.557514 0.00148246
725 0.559932 0.00144738
726 0.559758 0.00149048
727 0.559069 0.00157851
728 0.559324 0.00140082
729 0.558991 0.0014656
730 0.559281 0.00150845
731 0.558397 0.0015249
732 0.558241 0.00156412
733 0.559503 0.00156179
734 0.55992 0.00149521
735 0.55916 0.001506
736 0.55945 0.00141551
737 0.55837 0.00149559
738 0.561075 0.00140197
739 0.558047 0.00149589
740 0.559127 0.00140928
741 0.559702 0.00141613
742 0.559192 0.00141663
743 0.558246 0.00145232
744 0.557478 0.00143161
745 0.558321 0.00145033
746 0.557256 0.00150275
747 0.55855 0.00150045
748 0.558496 0.00142839
749 0.559267 0.00141451
750 0.557787 0.00143036
751 0.559409 0.00143086
752 0.560837 0.00144217
753 0.559244 0.00145195
754 0.55853 0.00150054
755 0.558333 0.00145495
756 0.559951 0.00149144
757 0.558856 0.00147566
758 0.558099 0.00143085
759 0.560754 0.00138458
760 0.558846 0.00146212
761 0.558392 0.00151702
762 0.558853 0.0014152
763 0.559509 0.00138567
764 0.559208 0.00142752
765 0.560919 0.00135166
766 0.560239 0.0013553
767 0.559499 0.0014403
768 0.559072 0.0013714
769 0.55852 0.0014325
770 0.559289 0.00148496
771 0.55912 0.00145158
772 0.560143 0.00141632
773 0.558493 0.0014198
774 0.55829 0.00146166
775 0.559092 0.00142616
776 0.559394 0.00148552
777 0.559462 0.0013963
778 0.557317 0.00146278
779 0.558777 0.00144057
780 0.559183 0.00146704
781 0.558739 0.0014573
782 0.559052 0.00140917
783 0.559258 0.00147649
784 0.558618 0.00147807
785 0.557944 0.00148708
786 0.558326 0.00143248
787 0.558935 0.00143328
788 0.55763 0.00145097
789 0.557249 0.00152513
790 0.557736 0.00145026
791 0.558786 0.00148165
792 0.558923 0.00151823
793 0.558063 0.00150664
794 0.558543 0.00142844
795 0.557181 0.0014585
796 0.559138 0.00142323
797 0.557525 0.00153169
798 0.557963 0.00151668
799 0.559405 0.0013967
800 0.558864 0.00141531
801 0.559542 0.00144754
802 0.558532 0.00144508
803 0.556531 0.00149803
804 0.55698 0.00149664
805 0.558297 0.0014862
806 0.556656 0.00146841
807 0.558874 0.00140388
808 0.559096 0.00143925
809 0.558975 0.00147528
810 0.558807 0.00144849
811 0.558703 0.00137166
812 0.558605 0.00140471
813 0.55977 0.00145004
814 0.558683 0.00143354
815 0.558331 0.00147262
816 0.558635 0.00148028
817 0.558804 0.00141236
818 0.558708 0.00144706
819 0.558114 0.00139755
820 0.560127 0.00137807
821 0.558882 0.00147499
822 0.560577 0.00140517
823 0.560899 0.00147051
824 0.560327 0.00139748
825 0.559945 0.00149424
826 0.558956 0.00141418
827 0.55914 0.00146285
828 0.559082 0.00144699
829 0.559002 0.00146988
830 0.557624 0.00146603
831 0.560574 0.00143545
832 0.557634 0.00143029
833 0.558992 0.00140601
834 0.558869 0.00145297
835 0.558372 0.0014537
836 0.557652 0.00154019
837 0.558639 0.00139234
838 0.559194 0.00145519
839 0.55864 0.00144295
840 0.560158 0.00143571
841 0.559501 0.00151911
842 0.55848 0.00146765
843 0.557908 0.00150603
844 0.560947 0.00147959
845 0.559661 0.00147677
846 0.559686 0.00151768
847 0.559514 0.00146921
848 0.559884 0.00142806
849 0.559044 0.0014634
850 0.558939 0.00153273
851 0.55856 0.00151063
852 0.556959 0.00151841
853 0.557341 0.00154508
854 0.556895 0.00151369
855 0.558669 0.00147918
856 0.559418 0.00139503
857 0.558939 0.00139406
858 0.558418 0.00146831
859 0.559087 0.0014993
860 0.560214 0.00143615
861 0.559827 0.00151377
862 0.559437 0.00146307
863 0.558371 0.00143605
864 0.559687 0.00144978
865 0.558674 0.00149117
866 0.558844 0.00150834
867 0.557499 0.00152918
868 0.558932 0.00148154
869 0.559273 0.00144461
870 0.559603 0.00141469
871 0.559524 0.00143229
872 0.56034 0.00149168
873 0.559563 0.00147845
874 0.560092 0.00148996
875 0.557745 0.00150786
876 0.559486 0.00145472
877 0.55901 0.00150196
878 0.559777 0.00149731
879 0.557769 0.00149562
880 0.559192 0.00148243
881 0.561401 0.00135501
882 0.55905 0.00151228
883 0.559979 0.00140518
884 0.558167 0.00146741
885 0.560765 0.00137835
886 0.558738 0.00135543
887 0.560379 0.00139586
888 0.559873 0.0014534
889 0.558148 0.00146804
890 0.55922 0.00137577
891 0.559855 0.00142307
892 0.559315 0.00136964
893 0.558023 0.00151521
894 0.560166 0.00145337
895 0.5604 0.00141857
896 0.55982 0.00146569
897 0.560463 0.00142843
898 0.560095 0.00151616
899 0.560396 0.00142745
