000 0.545195 0.0189076
001 0.56578 0.016128
002 0.549578 0.0206519
003 0.553623 0.0198548
004 0.560926 0.0305983
005 0.542553 0.0160192
006 0.566508 0.023753
007 0.562586 0.0185577
008 0.550241 0.0145894
009 0.561714 0.0170726
010 0.568877 0.0152083
011 0.558376 0.0151104
012 0.549163 0.0154482
013 0.546346 0.0187289
014 0.556492 0.0193216
015 0.559181 0.0160223
016 0.547917 0.0221131
017 0.546309 0.0160058
018 0.531501 0.0265375
019 0.558 0.0162202
020 0.551901 0.0210204
021 0.554333 0.0164896
022 0.543253 0.0166053
023 0.54396 0.0209415
024 0.551746 0.014855
025 0.556582 0.0196038
026 0.549925 0.0166008
027 0.556668 0.0212426
028 0.547128 0.0159095
029 0.551935 0.0124189
030 0.560811 0.0160108
031 0.560522 0.0153111
032 0.559239 0.014015
033 0.572756 0.0154724
034 0.559332 0.0116438
035 0.563939 0.0173146
036 0.560528 0.0126687
037 0.559671 0.0122961
038 0.559333 0.0134854
039 0.575273 0.0126916
040 0.554841 0.011271
041 0.566642 0.018151
042 0.56651 0.0183074
043 0.557598 0.0150791
044 0.571267 0.0136344
045 0.561762 0.0150121
046 0.57264 0.015903
047 0.564858 0.0154488
048 0.558585 0.0144853
049 0.557794 0.0160372
050 0.563664 0.0152458
051 0.547442 0.0170459
052 0.5626 0.0170044
053 0.557865 0.0130016
054 0.548171 0.0129898
055 0.559187 0.0155453
056 0.567484 0.0159557
057 0.558812 0.0146926
058 0.552882 0.0153716
059 0.576302 0.014172
060 0.559348 0.0119934
061 0.555319 0.0177514
062 0.553083 0.0123801
063 0.562253 0.015787
064 0.558741 0.0147595
065 0.544654 0.0213718
066 0.57329 0.0152032
067 0.586641 0.0153979
068 0.57065 0.0115218
069 0.579906 0.01257
070 0.57041 0.0162955
071 0.566973 0.0138921
072 0.577076 0.0122157
073 0.57565 0.0131614
074 0.559633 0.0129431
075 0.588925 0.0152222
076 0.576208 0.0144261
077 0.578807 0.013736
078 0.578062 0.0113714
079 0.577806 0.0125726
080 0.569739 0.0161728
081 0.576055 0.0162576
082 0.568303 0.0148508
083 0.57031 0.0131963
084 0.573294 0.0144076
085 0.539257 0.0316396
086 0.563056 0.0112186
087 0.570882 0.0124102
088 0.569321 0.0116449
089 0.566447 0.0132006
090 0.56338 0.010696
091 0.565466 0.011749
092 0.568648 0.0125293
093 0.569907 0.0113111
094 0.569932 0.00986439
095 0.564164 0.00992705
096 0.56706 0.0121247
097 0.552533 0.0191127
098 0.563698 0.00999812
099 0.567252 0.0107406
100 0.566811 0.0116643
101 0.547044 0.0180032
102 0.568006 0.0108129
103 0.555562 0.0209381
104 0.56901 0.0114089
105 0.566239 0.00911389
106 0.57569 0.0117408
107 0.552605 0.0143657
108 0.560252 0.0207527
109 0.573772 0.0105404
110 0.556909 0.0172541
111 0.571452 0.0104673
112 0.571663 0.014772
113 0.571103 0.00955231
114 0.568073 0.0112769
115 0.569354 0.0105093
116 0.553911 0.020602
117 0.558988 0.0169644
118 0.570701 0.0107917
119 0.574305 0.0111892
120 0.56845 0.0121529
121 0.554484 0.0137458
122 0.549443 0.0185863
123 0.564896 0.0098321
124 0.568467 0.0126867
125 0.565216 0.0114348
126 0.559899 0.00962198
127 0.546658 0.016609
128 0.565876 0.0103443
129 0.56187 0.00940326
130 0.574873 0.0100248
131 0.566504 0.0133495
132 0.562213 0.0107118
133 0.548151 0.0160218
134 0.568707 0.0135873
135 0.56623 0.0119064
136 0.560692 0.0128494
137 0.568655 0.01188
138 0.560979 0.0114166
139 0.564376 0.00996855
140 0.562224 0.0102393
141 0.556491 0.0123371
142 0.56078 0.0123089
143 0.537304 0.0191447
144 0.547281 0.02605
145 0.564984 0.0109403
146 0.566245 0.0129768
147 0.56997 0.0114585
148 0.564585 0.0129327
149 0.564438 0.0149521
150 0.568998 0.0129047
151 0.565872 0.0115975
152 0.564118 0.0134101
153 0.563655 0.0129384
154 0.568863 0.0130763
155 0.575832 0.0116838
156 0.559629 0.0108257
157 0.570942 0.0108911
158 0.562481 0.012096
159 0.561151 0.0135642
160 0.566101 0.0126871
161 0.567414 0.0110443
162 0.575998 0.0160599
163 0.560011 0.0121339
164 0.57408 0.0148757
165 0.569867 0.0131939
166 0.559873 0.0115553
167 0.588355 0.0119254
168 0.576141 0.0150583
169 0.578782 0.0148601
170 0.570339 0.0142403
171 0.566305 0.0148176
172 0.56952 0.0159
173 0.576223 0.0127097
174 0.575638 0.0163683
175 0.572202 0.0168618
176 0.566757 0.0135797
177 0.560598 0.0125932
178 0.566051 0.0152598
179 0.565382 0.0124364
180 0.578836 0.0164287
181 0.578613 0.0165066
182 0.572882 0.0150986
183 0.571877 0.0119358
184 0.560115 0.0173101
185 0.575093 0.0108958
186 0.577061 0.0169137
187 0.57413 0.0142518
188 0.569662 0.0123995
189 0.57506 0.0172347
190 0.59313 0.011621
191 0.565384 0.0159681
192 0.574556 0.0159981
193 0.582552 0.0125785
194 0.569004 0.0163977
195 0.57993 0.015483
196 0.578615 0.0149062
197 0.570835 0.0151329
198 0.574331 0.0164099
199 0.583382 0.0226125
200 0.58246 0.0136124
201 0.585906 0.0126246
202 0.582469 0.0123037
203 0.573408 0.0151352
204 0.572394 0.0235429
205 0.576714 0.0178323
206 0.576445 0.0146296
207 0.57855 0.0240945
208 0.569571 0.0124244
209 0.564045 0.0167587
210 0.566873 0.0127993
211 0.543975 0.0177242
212 0.54733 0.0246327
213 0.543925 0.0156774
214 0.563447 0.01719
215 0.551202 0.0146467
216 0.543871 0.0174018
217 0.563538 0.0170505
218 0.555217 0.0170352
219 0.57844 0.0113396
220 0.566891 0.0125795
221 0.568751 0.0112471
222 0.550933 0.0152607
223 0.562674 0.0137739
224 0.565627 0.0149566
225 0.579093 0.0124973
226 0.570174 0.010695
227 0.572065 0.014211
228 0.577716 0.0122541
229 0.573657 0.0171414
230 0.565837 0.0143794
231 0.569241 0.0173025
232 0.566457 0.0149326
233 0.568196 0.0130365
234 0.574493 0.0158285
235 0.574135 0.0130609
236 0.574469 0.0135075
237 0.565234 0.0127991
238 0.573276 0.0162199
239 0.578203 0.0190929
240 0.576461 0.0155775
241 0.579743 0.0150317
242 0.576047 0.0168365
243 0.566244 0.014711
244 0.573779 0.0150626
245 0.579347 0.0134337
246 0.55896 0.0161295
247 0.575135 0.0148329
248 0.576253 0.0119482
249 0.561101 0.0166954
250 0.570337 0.0133391
251 0.575335 0.0173978
252 0.578018 0.0116649
253 0.572627 0.0127322
254 0.575458 0.0158494
255 0.574103 0.0158626
256 0.586017 0.0113866
257 0.575551 0.016165
258 0.56145 0.0131102
259 0.567797 0.0121837
260 0.572876 0.0136696
261 0.570131 0.0135265
262 0.570431 0.0149913
263 0.584056 0.013906
264 0.564733 0.0132494
265 0.568542 0.012433
266 0.576382 0.0144411
267 0.55624 0.0145644
268 0.568519 0.0149691
269 0.58133 0.0137114
270 0.569922 0.0108022
271 0.562538 0.0146085
272 0.577672 0.0103255
273 0.578652 0.0158978
274 0.581243 0.0142458
275 0.564222 0.013468
276 0.572063 0.010707
277 0.576181 0.0124374
278 0.56295 0.0135389
279 0.573381 0.0125756
280 0.560262 0.0143821
281 0.572387 0.00945768
282 0.572733 0.0137318
283 0.562036 0.0165089
284 0.566765 0.011383
285 0.584786 0.0123832
286 0.568811 0.0107698
287 0.57832 0.0137212
288 0.572577 0.0145959
289 0.571824 0.0127019
290 0.560994 0.0186743
291 0.579093 0.00923407
292 0.571721 0.01054
293 0.559068 0.0152098
294 0.575942 0.0116841
295 0.57587 0.0141346
296 0.580119 0.0116804
297 0.562193 0.0138965
298 0.581156 0.0121894
299 0.561176 0.0161125
300 0.577217 0.010472
301 0.57275 0.0144328
302 0.5793 0.0107871
303 0.558072 0.0150194
304 0.570697 0.010668
305 0.575232 0.00963255
306 0.57092 0.00754962
307 0.557241 0.0138497
308 0.571593 0.0116203
309 0.570254 0.0102735
310 0.559213 0.0142915
311 0.585698 0.0140147
312 0.564119 0.0133108
313 0.581419 0.0111512
314 0.571749 0.0126838
315 0.577251 0.0119772
316 0.573362 0.0118538
317 0.559732 0.0108752
318 0.554817 0.011658
319 0.553919 0.0160452
320 0.561002 0.0123291
321 0.55931 0.0117759
322 0.571449 0.013766
323 0.556451 0.0117103
324 0.557633 0.0118464
325 0.543999 0.010873
326 0.561211 0.00994555
327 0.559414 0.0115684
328 0.554171 0.0114116
329 0.5564 0.0115505
330 0.548864 0.0158542
331 0.560082 0.0123689
332 0.565751 0.012219
333 0.576684 0.00837484
334 0.565395 0.0139667
335 0.560668 0.015555
336 0.573472 0.00892949
337 0.55043 0.0184393
338 0.557076 0.0121025
339 0.562291 0.0124143
340 0.56373 0.00927669
341 0.569423 0.00948754
342 0.568737 0.0117001
343 0.562529 0.012544
344 0.544399 0.0109941
345 0.564257 0.0106183
346 0.548079 0.0121768
347 0.557748 0.00929071
348 0.559862 0.00879509
349 0.548602 0.0119595
350 0.554976 0.00934107
351 0.55519 0.00872173
352 0.55512 0.00963975
353 0.551423 0.00925957
354 0.557289 0.012237
355 0.554734 0.0100702
356 0.557471 0.00899799
357 0.552972 0.00932329
358 0.556846 0.00926745
359 0.56671 0.0077365
360 0.559176 0.0103617
361 0.551412 0.0103229
362 0.552111 0.00958573
363 0.559131 0.0108417
364 0.553081 0.0103055
365 0.56336 0.009702
366 0.561126 0.0130557
367 0.566796 0.00997257
368 0.570799 0.0113423
369 0.552942 0.0112657
370 0.560789 0.00960453
371 0.559508 0.00800669
372 0.578313 0.00971179
373 0.549001 0.0126861
374 0.55759 0.0152001
375 0.555589 0.0157032
376 0.573626 0.0143289
377 0.570456 0.0136193
378 0.560921 0.0126021
379 0.551662 0.0130253
380 0.544252 0.012619
381 0.546086 0.0108323
382 0.559391 0.00955842
383 0.562994 0.00985287
384 0.55081 0.0108663
385 0.561594 0.0106427
386 0.564479 0.010727
387 0.564573 0.00942233
388 0.555095 0.0121631
389 0.556261 0.0122967
390 0.549906 0.0109169
391 0.575394 0.0117521
392 0.555426 0.0129349
393 0.549205 0.0131147
394 0.567464 0.0126763
395 0.56372 0.0099366
396 0.55747 0.0122844
397 0.541383 0.0170119
398 0.558805 0.0137586
399 0.552938 0.0148175
400 0.577087 0.0174888
401 0.563269 0.0141709
402 0.561828 0.0106672
403 0.566183 0.0133233
404 0.544557 0.0171922
405 0.561203 0.0110976
406 0.554324 0.0191205
407 0.545717 0.0136009
408 0.556297 0.0106961
409 0.554663 0.0199917
410 0.554023 0.0121457
411 0.56131 0.0130572
412 0.572781 0.0144501
413 0.559947 0.0162604
414 0.562227 0.0107571
415 0.552708 0.0167672
416 0.567898 0.0080479
417 0.575089 0.0120133
418 0.578396 0.00802952
419 0.549633 0.016051
420 0.552646 0.0175581
421 0.564193 0.0253284
422 0.56583 0.0133254
423 0.545262 0.0163935
424 0.560735 0.0156268
425 0.565206 0.0130012
426 0.566736 0.00969435
427 0.552286 0.0147581
428 0.558589 0.0130673
429 0.572966 0.0103604
430 0.557152 0.0122935
431 0.556335 0.0152037
432 0.551017 0.0136501
433 0.561422 0.0116096
434 0.569238 0.00970431
435 0.542289 0.0128
436 0.563507 0.0149341
437 0.553383 0.018468
438 0.572675 0.0152801
439 0.559905 0.00949618
440 0.563124 0.0188587
441 0.577018 0.00977073
442 0.562189 0.0189152
443 0.559949 0.0110679
444 0.57022 0.012039
445 0.565256 0.0116946
446 0.571062 0.00993212
447 0.565979 0.0100479
448 0.555351 0.0143789
449 0.553376 0.0151947
450 0.560735 0.0144987
451 0.559896 0.0111273
452 0.553267 0.0123314
453 0.569082 0.0140011
454 0.560628 0.0103143
455 0.549963 0.0159474
456 0.56418 0.0157698
457 0.548311 0.0161763
458 0.572305 0.00946477
459 0.57506 0.0100298
460 0.554021 0.0143817
461 0.562281 0.0212893
462 0.547147 0.0140168
463 0.570227 0.0145344
464 0.57251 0.0143032
465 0.576288 0.0156037
466 0.580303 0.00908313
467 0.554983 0.0144075
468 0.584848 0.0124916
469 0.55514 0.0149831
470 0.557607 0.0120828
471 0.562421 0.0116101
472 0.551433 0.01591
473 0.566918 0.013933
474 0.55437 0.0167262
475 0.560581 0.0139357
476 0.576539 0.009532
477 0.556289 0.0172488
478 0.549697 0.0120317
479 0.553196 0.0157011
480 0.551116 0.0162811
481 0.566316 0.017413
482 0.574996 0.0100087
483 0.560707 0.0156322
484 0.563726 0.0185081
485 0.561429 0.0194037
486 0.566661 0.0129855
487 0.559545 0.0128993
488 0.566309 0.015846
489 0.564416 0.0185628
490 0.561019 0.0150256
491 0.559214 0.0159138
492 0.558464 0.012625
493 0.574827 0.0110547
494 0.567553 0.0156825
495 0.566985 0.0146835
496 0.568531 0.0110227
497 0.576034 0.0138119
498 0.559954 0.0121406
499 0.568638 0.0135049
500 0.565529 0.0109498
501 0.547069 0.0144943
502 0.557898 0.0148299
503 0.572248 0.0104335
504 0.563559 0.0114797
505 0.554771 0.0161835
506 0.553063 0.0127621
507 0.558667 0.0160889
508 0.565837 0.0112061
509 0.560342 0.0102956
510 0.573052 0.014141
511 0.555966 0.0150175
512 0.560698 0.0149381
513 0.567178 0.0122319
514 0.580979 0.0104017
515 0.556961 0.0161753
516 0.55259 0.016595
517 0.55631 0.0158387
518 0.559459 0.0139321
519 0.550667 0.0153768
520 0.560265 0.0123426
521 0.558193 0.0136911
522 0.561755 0.0121991
523 0.555114 0.0122806
524 0.558891 0.00975986
525 0.549594 0.0136128
526 0.553564 0.0139045
527 0.56182 0.00938307
528 0.551442 0.013096
529 0.550557 0.0119316
530 0.555893 0.0116682
531 0.560295 0.0124853
532 0.57324 0.0106328
533 0.557394 0.0127111
534 0.549948 0.0135977
535 0.557584 0.0109274
536 0.553368 0.0123186
537 0.567637 0.0129338
538 0.554955 0.0110035
539 0.551356 0.0131989
540 0.545397 0.0111016
541 0.561816 0.012182
542 0.550139 0.0141201
543 0.563035 0.0110425
544 0.5579 0.0131839
545 0.563285 0.0120657
546 0.543497 0.0135619
547 0.552641 0.0113473
548 0.547744 0.0162554
549 0.550504 0.0123465
550 0.54938 0.0125015
551 0.542234 0.0111534
552 0.547274 0.0133227
553 0.556697 0.0132905
554 0.55955 0.0124826
555 0.553093 0.0157032
556 0.55408 0.0139112
557 0.544621 0.0121603
558 0.541755 0.0119987
559 0.547344 0.0130652
560 0.553687 0.0142641
561 0.55767 0.0141045
562 0.553675 0.0101806
563 0.543859 0.0118137
564 0.546753 0.0139754
565 0.557336 0.0120711
566 0.562617 0.0134077
567 0.55176 0.0138999
568 0.55591 0.0134811
569 0.555396 0.0135785
570 0.55031 0.0129915
571 0.563113 0.0112997
572 0.560076 0.0116393
573 0.548321 0.0117644
574 0.558321 0.0125586
575 0.559511 0.0129705
576 0.546394 0.00955145
577 0.565673 0.0106527
578 0.561593 0.0114157
579 0.544283 0.0128039
580 0.550074 0.0128964
581 0.55771 0.0121643
582 0.555686 0.0119069
583 0.555606 0.0129347
584 0.562503 0.0132509
585 0.550662 0.0114573
586 0.536535 0.0122757
587 0.55138 0.0124016
588 0.549372 0.0131342
589 0.549732 0.0129122
590 0.551882 0.0107317
591 0.549576 0.01135
592 0.550138 0.013432
593 0.547358 0.0117466
594 0.552343 0.0132504
595 0.548245 0.0117708
596 0.545747 0.011439
597 0.545356 0.0131592
598 0.557624 0.0138806
599 0.559681 0.0108684
600 0.543863 0.0112522
601 0.549818 0.0114637
602 0.553267 0.0127754
603 0.555878 0.0131707
604 0.557906 0.0116147
605 0.554602 0.0129638
606 0.55011 0.0119531
607 0.553412 0.0126317
608 0.547544 0.0102897
609 0.571677 0.00909134
610 0.563827 0.0130109
611 0.55014 0.0121503
612 0.54999 0.0108584
613 0.563495 0.011068
614 0.556283 0.00980794
615 0.562506 0.0100798
616 0.559755 0.0100485
617 0.562202 0.0102932
618 0.562276 0.0116856
619 0.563872 0.0120613
620 0.556707 0.0110689
621 0.551301 0.0116533
622 0.553548 0.0158026
623 0.555704 0.0113857
624 0.568115 0.0120298
625 0.573938 0.00978763
626 0.546182 0.0108301
627 0.555232 0.011887
628 0.560001 0.0131832
629 0.560271 0.0109069
630 0.563806 0.0127455
631 0.550383 0.0106977
632 0.562666 0.0116506
633 0.567265 0.0114596
634 0.578315 0.007433
635 0.578234 0.0117866
636 0.562836 0.0106461
637 0.55627 0.0152017
638 0.555287 0.012406
639 0.561599 0.0113047
640 0.554615 0.011506
641 0.560238 0.0113156
642 0.560381 0.011452
643 0.561056 0.0141232
644 0.555867 0.0128256
645 0.559134 0.0117619
646 0.559424 0.0116085
647 0.563555 0.0121006
648 0.562915 0.0123319
649 0.5558 0.0127453
650 0.567719 0.0121402
651 0.54678 0.0134728
652 0.549289 0.0138161
653 0.557382 0.0113756
654 0.557952 0.0122451
655 0.557483 0.0129225
656 0.55725 0.0143213
657 0.561899 0.0147131
658 0.561516 0.0127668
659 0.56241 0.0126339
660 0.552139 0.0123247
661 0.563274 0.0126973
662 0.557538 0.0131798
663 0.555623 0.0121239
664 0.548098 0.010842
665 0.552412 0.0133208
666 0.557678 0.0129131
667 0.56073 0.0125884
668 0.565528 0.0131651
669 0.556553 0.0125852
670 0.556615 0.0126851
671 0.559055 0.0120764
672 0.558521 0.0120068
673 0.558669 0.0102554
674 0.566946 0.0113659
675 0.559397 0.0158962
676 0.564974 0.0152514
677 0.57177 0.0104453
678 0.56061 0.0121386
679 0.560012 0.0109161
680 0.556185 0.0147193
681 0.557635 0.0105608
682 0.562992 0.0109535
683 0.556248 0.0114615
684 0.567602 0.00861065
685 0.564734 0.0102736
686 0.557391 0.00947947
687 0.5557 0.0112985
688 0.570937 0.00910654
689 0.558112 0.0120472
690 0.554061 0.0104127
691 0.562868 0.0100269
692 0.559882 0.0107635
693 0.567327 0.0088853
694 0.557362 0.0110447
695 0.561926 0.0123518
696 0.559654 0.0108731
697 0.55135 0.0105031
698 0.554646 0.00933233
699 0.559622 0.00909594
700 0.564715 0.0125592
701 0.56133 0.0103403
702 0.568718 0.0113474
703 0.55585 0.0128946
704 0.558906 0.0111469
705 0.561592 0.00941928
706 0.554794 0.0123869
707 0.554821 0.0108733
708 0.554015 0.0103551
709 0.560375 0.00915225
710 0.56093 0.0119366
711 0.555608 0.0116532
712 0.564668 0.0111119
713 0.561454 0.0109331
714 0.55584 0.0119006
715 0.57017 0.00875984
716 0.564716 0.0107344
717 0.550177 0.0114057
718 0.560429 0.0110367
719 0.563808 0.00912747
720 0.55613 0.0113942
721 0.559732 0.0102613
722 0.556596 0.0113466
723 0.553391 0.0128287
724 0.555884 0.0124459
725 0.553773 0.0105806
726 0.565721 0.0125576
727 0.564179 0.0124259
728 0.559523 0.010952
729 0.55237 0.0123446
730 0.567022 0.0096793
731 0.572891 0.0108028
732 0.568105 0.0118903
733 0.562976 0.0116349
734 0.5561 0.0123106
735 0.545593 0.0124178
736 0.550717 0.0130232
737 0.556203 0.0129853
738 0.558994 0.00972352
739 0.555647 0.0122842
740 0.562087 0.0113247
741 0.559503 0.0118842
742 0.563665 0.0111122
743 0.56173 0.0104044
744 0.552102 0.0110268
745 0.562065 0.0113398
746 0.565821 0.0108033
747 0.554619 0.0120321
748 0.558357 0.0117013
749 0.558256 0.0120043
750 0.550136 0.0140656
751 0.555624 0.0112013
752 0.565638 0.0108329
753 0.558423 0.013225
754 0.555408 0.0109053
755 0.557144 0.0103038
756 0.550549 0.0119919
757 0.560285 0.0110412
758 0.571723 0.0113981
759 0.554682 0.0119086
760 0.552677 0.0122677
761 0.563234 0.0106789
762 0.553467 0.0102474
763 0.557259 0.0121855
764 0.549013 0.0118136
765 0.557619 0.0116483
766 0.559873 0.0117317
767 0.55739 0.0117139
768 0.554697 0.0106352
769 0.559493 0.0097357
770 0.553817 0.0120196
771 0.556676 0.011612
772 0.557086 0.0111812
773 0.559377 0.0113004
774 0.564358 0.0112381
775 0.551113 0.0111342
776 0.552207 0.0112451
777 0.552426 0.0108338
778 0.553175 0.0110041
779 0.553253 0.0126139
780 0.55196 0.0123522
781 0.551418 0.00970017
782 0.554967 0.0105555
783 0.549653 0.0100633
784 0.553601 0.0105659
785 0.550122 0.0111904
786 0.553426 0.00955505
787 0.557663 0.0106452
788 0.552202 0.0103971
789 0.555001 0.0121886
790 0.551987 0.0115105
791 0.559535 0.010066
792 0.558912 0.0104495
793 0.555943 0.0109889
794 0.553184 0.00977006
795 0.551811 0.00965509
796 0.549432 0.0109337
797 0.556695 0.0112616
798 0.552674 0.0104474
799 0.555923 0.00946605
800 0.566294 0.00920003
801 0.557107 0.00868711
802 0.555481 0.0104906
803 0.561263 0.0104227
804 0.558746 0.010714
805 0.558074 0.00810848
806 0.554042 0.0108576
807 0.558551 0.0101125
808 0.54544 0.010642
809 0.555369 0.00915064
810 0.556358 0.00967135
811 0.554483 0.0110369
812 0.566115 0.0103254
813 0.566495 0.00908467
814 0.562448 0.0113089
815 0.562492 0.00996381
816 0.569573 0.00932399
817 0.555283 0.0102527
818 0.554654 0.00923312
819 0.562487 0.00922411
820 0.560386 0.00986852
821 0.561251 0.00995162
822 0.562226 0.00962574
823 0.559873 0.00794753
824 0.559221 0.00845661
825 0.556026 0.00931218
826 0.559962 0.0102623
827 0.554163 0.0115464
828 0.563675 0.0108273
829 0.56786 0.00939532
830 0.560245 0.0103613
831 0.572946 0.00858643
832 0.561947 0.00955909
833 0.558371 0.0111225
834 0.553452 0.010332
835 0.560142 0.0108425
836 0.570846 0.00984036
837 0.552027 0.0105868
838 0.571113 0.00870006
839 0.557664 0.00933328
840 0.555394 0.0116136
841 0.560227 0.00904357
842 0.563369 0.00921502
843 0.569446 0.0100324
844 0.557585 0.00992912
845 0.554461 0.00901848
846 0.556374 0.0103823
847 0.555335 0.0096793
848 0.558703 0.00965899
849 0.563784 0.00875983
850 0.555702 0.0102508
851 0.559808 0.00943573
852 0.567865 0.00937653
853 0.557797 0.00990803
854 0.55686 0.00928428
855 0.570714 0.00880743
856 0.560423 0.0108486
857 0.561337 0.0074418
858 0.561678 0.00918258
859 0.555982 0.00964033
860 0.563334 0.00985949
861 0.561416 0.00848142
862 0.559761 0.0102925
863 0.551968 0.00961876
864 0.559441 0.00981145
865 0.56219 0.0094404
866 0.560256 0.00948952
867 0.554822 0.0102637
868 0.559473 0.00993988
869 0.564023 0.00926074
870 0.556219 0.00816569
871 0.559354 0.00878444
872 0.554439 0.0116613
873 0.562103 0.00955215
874 0.556427 0.00886069
875 0.558619 0.00916298
876 0.563479 0.00982201
877 0.560913 0.0088962
878 0.562036 0.00890221
879 0.554464 0.00877862
880 0.559483 0.00958705
881 0.55609 0.00845697
882 0.558252 0.0100363
883 0.566872 0.00976657
884 0.566084 0.00916724
885 0.569335 0.0101976
886 0.562674 0.00798369
887 0.569567 0.00925896
888 0.555986 0.0109985
889 0.560092 0.0100457
890 0.565697 0.0105638
891 0.566007 0.00836094
892 0.554326 0.0111074
893 0.563514 0.00919599
894 0.562009 0.00968617
895 0.55991 0.0127789
896 0.561728 0.0107167
897 0.564248 0.010407
898 0.567536 0.0106889
899 0.56187 0.00973088
