8.430434782608695610e-01 8.466245581492233896e+01
8.952173913043478537e-01 8.693240344100090056e+01
9.082608695652173436e-01 8.976612966170478103e+01
9.213043478260869446e-01 9.254033207571562514e+01
9.343478260869565455e-01 9.602847457324548941e+01
9.473913043478260354e-01 1.012962669566591956e+02
9.604347826086956363e-01 1.047060669256651124e+02
9.734782608695652373e-01 1.017375472139115686e+02
9.865217391304347272e-01 9.662811643773004278e+01
9.995652173913043281e-01 9.404765001811958314e+01
1.051739130434782510e+00 9.799115571440026429e+01
1.064782608695652222e+00 1.005820278894425144e+02
1.143043478260869605e+00 9.668042176830741141e+01
1.182173913043478297e+00 1.002985200917488129e+02
1.195217391304347787e+00 1.028444299305984373e+02
1.208260869565217499e+00 1.067589135203870114e+02
1.221304347826086989e+00 1.128639408051599844e+02
1.234347826086956479e+00 1.175110241235686033e+02
1.286521739130434883e+00 1.195664477284466614e+02
1.299565217391304373e+00 1.228861324701042008e+02
1.312608695652173862e+00 1.265680857174382083e+02
1.325652173913043574e+00 1.293461266136608572e+02
1.338695652173913064e+00 1.329535526238173873e+02
1.351739130434782554e+00 1.375625275737944548e+02
1.403913043478260958e+00 1.435462555118467662e+02
1.416956521739130448e+00 1.505505908362169407e+02
1.429999999999999938e+00 1.534582165415407360e+02
1.456086956521739140e+00 1.507253123013332470e+02
1.521304347826087033e+00 1.487235946109993847e+02
1.534347826086956523e+00 1.521781556421467769e+02
1.547391304347826013e+00 1.546835632014619648e+02
1.573478260869565215e+00 1.603217918411227458e+02
1.586521739130434705e+00 1.640440045915916585e+02
1.612608695652173907e+00 1.618612220071986485e+02
1.625652173913043397e+00 1.585333579494257492e+02
1.651739130434782599e+00 1.562341827271537795e+02
1.677826086956521801e+00 1.598669350935456350e+02
1.703913043478260780e+00 1.624618324944610208e+02
1.729999999999999982e+00 1.659531677024319265e+02
1.769130434782608674e+00 1.625783787897971138e+02
1.795217391304347876e+00 1.664233778980747047e+02
1.808260869565217366e+00 1.685971941659664708e+02
1.821304347826086856e+00 1.716950398730580503e+02
1.834347826086956568e+00 1.745899831685217691e+02
1.860434782608695548e+00 1.781696970082208793e+02
1.886521739130434749e+00 1.812112922536289261e+02
1.899565217391304239e+00 1.848175769038616636e+02
1.912608695652173951e+00 1.890805654073891446e+02
1.964782608695652133e+00 1.866429849190375592e+02
2.003913043478260825e+00 1.899150444153466708e+02
2.029999999999999805e+00 1.935839405847255534e+02
2.043043478260869517e+00 1.983023375157263786e+02
2.056086956521739229e+00 2.038441306427936297e+02
2.069130434782608496e+00 2.075024165811180978e+02
2.095217391304347920e+00 2.100780085971732376e+02
2.108260869565217188e+00 2.128540153156498604e+02
2.121304347826086900e+00 2.188397186080061374e+02
2.134347826086956612e+00 2.229665593460321986e+02
2.160434782608695592e+00 2.298027084225541614e+02
2.173478260869565304e+00 2.367809581700838635e+02
2.199565217391304284e+00 2.333816501966055910e+02
2.212608695652173996e+00 2.306413733291594781e+02
2.225652173913043264e+00 2.266570596902647594e+02
2.238695652173912976e+00 2.223020241995733386e+02
2.251739130434782687e+00 2.201018320576841347e+02
2.303913043478261091e+00 2.173985321327727434e+02
2.316956521739130359e+00 2.199318851901041967e+02
2.330000000000000071e+00 2.232765028383888648e+02
2.356086956521739051e+00 2.197203530743954047e+02
2.395217391304347743e+00 2.226972877268611626e+02
2.447391304347826146e+00 2.276528945683477332e+02
2.473478260869565126e+00 2.254662643560810693e+02
2.564782608695652222e+00 2.226305185351886848e+02
2.603913043478260914e+00 2.257082751200548500e+02
2.656086956521739317e+00 2.215788605002111353e+02
2.682173913043478297e+00 2.257098623102695001e+02
2.695217391304348009e+00 2.309850639539370718e+02
2.721304347826086989e+00 2.261577425967588226e+02
2.747391304347825969e+00 2.240518980344709234e+02
2.773478260869565393e+00 2.272239296334716414e+02
2.825652173913043352e+00 2.294814199362780869e+02
2.838695652173913064e+00 2.319753622883724233e+02
2.930000000000000160e+00 2.291804030529133058e+02
2.982173913043478120e+00 2.323282778665676460e+02
2.995217391304347831e+00 2.364725198856459372e+02
3.047391304347826235e+00 2.339452519329277038e+02
3.060434782608695503e+00 2.310843324217819941e+02
3.086521739130434927e+00 2.339734696111797234e+02
3.112608695652173907e+00 2.363124593266724105e+02
3.125652173913043619e+00 2.397631899607941932e+02
3.138695652173912887e+00 2.421753607941276982e+02
3.216956521739130270e+00 2.397757963686925677e+02
3.256086956521738962e+00 2.439671755474304291e+02
3.269130434782608674e+00 2.476985418279345765e+02
3.282173913043478386e+00 2.501534140426039698e+02
3.321304347826087078e+00 2.438578424024870515e+02
3.347391304347826058e+00 2.417266344262832263e+02
3.360434782608695770e+00 2.440116177451973840e+02
3.373478260869565037e+00 2.494935858009204139e+02
3.386521739130434749e+00 2.530788534471266473e+02
3.464782608695652133e+00 2.504384464059471611e+02
3.477826086956521845e+00 2.454549527524729626e+02
3.529999999999999805e+00 2.423858773308242576e+02
3.595217391304347920e+00 2.459957703178928625e+02
3.608260869565217188e+00 2.494898652778925339e+02
3.647391304347825880e+00 2.457708377279530225e+02
3.725652173913043264e+00 2.428443144342180062e+02
3.751739130434782687e+00 2.458867020208911640e+02
3.777826086956521667e+00 2.438042600476766779e+02
3.803913043478261091e+00 2.488411220067964109e+02
3.830000000000000071e+00 2.466365491954886409e+02
3.869130434782608763e+00 2.432423376596902074e+02
3.882173913043478475e+00 2.409560821453851247e+02
3.921304347826087167e+00 2.375499362380477919e+02
3.934347826086956434e+00 2.342824503911639340e+02
3.960434782608695858e+00 2.372477876576188578e+02
3.986521739130434838e+00 2.398854661841330369e+02
3.999565217391304550e+00 2.444590044473883950e+02
4.012608695652174262e+00 2.467520933184892726e+02
4.077826086956521934e+00 2.425693632427845046e+02
4.090869565217391646e+00 2.373580107887057409e+02
4.143043478260869605e+00 2.402271306742010211e+02
4.169130434782609029e+00 2.434248000042168769e+02
4.182173913043477853e+00 2.485886341659487471e+02
4.208260869565217277e+00 2.464440554064445053e+02
4.247391304347826413e+00 2.488292467643227326e+02
4.260434782608695237e+00 2.454335864459975198e+02
4.273478260869564949e+00 2.414283332125413040e+02
4.299565217391304373e+00 2.376524192426163609e+02
4.325652173913043796e+00 2.396659177911221263e+02
4.351739130434782332e+00 2.369254572957302685e+02
4.443043478260869428e+00 2.323887777672620132e+02
4.521304347826086811e+00 2.344389062107418908e+02
4.547391304347826235e+00 2.303729159923458951e+02
4.560434782608695947e+00 2.269988602219820848e+02
4.586521739130434483e+00 2.305645133887310578e+02
4.612608695652173907e+00 2.273430672327311299e+02
4.664782608695651867e+00 2.301766450990971862e+02
4.690869565217391290e+00 2.266943285344659103e+02
4.703913043478261002e+00 2.242693397549687120e+02
4.730000000000000426e+00 2.284510046168014981e+02
4.795217391304348098e+00 2.310402224454544466e+02
4.808260869565217810e+00 2.287227622074884152e+02
4.821304347826086634e+00 2.264885563914096736e+02
4.886521739130435193e+00 2.235090875552278362e+02
4.899565217391304017e+00 2.212247205657174902e+02
4.938695652173913153e+00 2.234766578687531933e+02
4.964782608695652577e+00 2.207204481577449826e+02
4.990869565217391113e+00 2.241539759715581681e+02
5.016956521739130537e+00 2.198518603922483692e+02
5.056086956521738784e+00 2.164637266642420741e+02
5.069130434782608496e+00 2.142640447309839828e+02
5.121304347826087344e+00 2.116357580813929076e+02
5.147391304347825880e+00 2.091549256352053590e+02
5.173478260869565304e+00 2.144159539548613793e+02
5.186521739130435016e+00 2.166219984600033399e+02
5.238695652173912976e+00 2.201891826409095074e+02
5.264782608695652399e+00 2.172678268771212515e+02
5.316956521739130359e+00 2.152319236059815921e+02
5.343043478260869783e+00 2.191408939928263067e+02
5.382173913043478031e+00 2.161225837352592976e+02
5.421304347826087167e+00 2.139343887074990391e+02
5.473478260869565126e+00 2.103578658725620016e+02
5.486521739130434838e+00 2.079622037904810554e+02
5.512608695652174262e+00 2.052285316531083481e+02
5.564782608695652222e+00 2.022927060865789031e+02
5.603913043478260469e+00 2.002878962112022805e+02
5.616956521739130181e+00 1.970314326934853284e+02
5.629999999999999893e+00 1.941073107356797891e+02
5.643043478260869605e+00 1.910066244289004089e+02
5.669130434782609029e+00 1.876628338286789983e+02
5.734347826086956701e+00 1.847848308361476484e+02
5.760434782608695237e+00 1.901721379809601444e+02
5.825652173913043796e+00 1.872197688486912455e+02
5.943043478260869428e+00 1.829679785311781188e+02
5.956086956521739140e+00 1.804740754274721439e+02
5.982173913043478564e+00 1.845192521539257768e+02
6.008260869565217099e+00 1.818852970756681202e+02
6.112608695652173907e+00 1.798673109005099491e+02
6.138695652173913331e+00 1.834109025816546819e+02
6.164782608695651867e+00 1.804632344487589535e+02
6.190869565217391290e+00 1.833086095458507998e+02
6.203913043478261002e+00 1.866361701321801831e+02
6.230000000000000426e+00 1.798594034831268687e+02
6.243043478260869250e+00 1.738195756219174939e+02
6.373478260869565482e+00 1.705646395814384277e+02
6.412608695652173729e+00 1.730984163074303410e+02
6.425652173913043441e+00 1.751006410242124502e+02
6.464782608695652577e+00 1.713216396224096343e+02
6.530000000000000249e+00 1.687389569973845198e+02
6.556086956521738784e+00 1.665881818752979768e+02
6.582173913043478208e+00 1.637939709619503219e+02
6.595217391304347920e+00 1.603884690239398765e+02
6.621304347826087344e+00 1.627396768954401409e+02
6.699565217391304728e+00 1.591912087537862135e+02
6.751739130434782687e+00 1.620718387711178252e+02
6.790869565217390935e+00 1.643552910691981310e+02
6.803913043478260647e+00 1.678851935027839488e+02
6.843043478260869783e+00 1.656692156789568457e+02
6.895217391304347743e+00 1.612315341656095598e+02
6.908260869565217455e+00 1.546727908909003872e+02
6.921304347826087167e+00 1.524473571529061928e+02
6.934347826086956879e+00 1.549348704179130323e+02
6.999565217391304550e+00 1.582475692487137735e+02
7.025652173913043086e+00 1.546916551783177169e+02
7.051739130434782510e+00 1.581919776169341390e+02
7.064782608695652222e+00 1.608541010191592875e+02
7.090869565217391646e+00 1.584171543900060044e+02
7.129999999999999893e+00 1.610443946030057987e+02
7.156086956521739317e+00 1.586190663751771126e+02
7.195217391304347565e+00 1.629171602561252712e+02
7.234347826086956701e+00 1.598384770208596990e+02
7.299565217391304373e+00 1.574209200355837197e+02
7.312608695652174085e+00 1.552031984430885814e+02
7.351739130434782332e+00 1.582871848726101121e+02
7.403913043478261180e+00 1.608057933065435350e+02
7.469130434782608852e+00 1.633207535529698760e+02
7.482173913043478564e+00 1.663333436573148276e+02
7.534347826086956523e+00 1.616392780294173406e+02
7.586521739130434483e+00 1.583973767663335934e+02
7.612608695652173907e+00 1.561299620774131540e+02
7.638695652173913331e+00 1.593682097436977187e+02
7.677826086956521578e+00 1.563254781897065016e+02
7.690869565217391290e+00 1.540879134918025670e+02
7.769130434782608674e+00 1.518431754403328000e+02
7.795217391304348098e+00 1.539806118705439246e+02
7.873478260869565482e+00 1.519238779346906654e+02
7.938695652173913153e+00 1.483474638165108672e+02
8.108260869565217632e+00 1.444808971437911396e+02
8.160434782608696480e+00 1.414853642832514424e+02
8.238695652173912976e+00 1.388264484562767507e+02
8.264782608695652399e+00 1.410492426933035404e+02
8.303913043478260647e+00 1.384322581218743267e+02
8.330000000000000071e+00 1.416314269793494987e+02
8.369130434782608319e+00 1.437742007782607061e+02
8.473478260869566014e+00 1.417536827154962111e+02
8.486521739130434838e+00 1.392824265937833275e+02
8.551739130434782510e+00 1.412916656454780764e+02
8.590869565217390758e+00 1.433677877107874394e+02
8.786521739130435549e+00 1.457156644996318278e+02
8.812608695652173196e+00 1.418357058422156456e+02
8.877826086956520868e+00 1.397516819819058469e+02
8.916956521739130892e+00 1.427644953239979486e+02
9.047391304347826235e+00 1.450120296679791068e+02
9.086521739130434483e+00 1.421912213376420766e+02
9.125652173913042731e+00 1.395536083509410332e+02
9.256086956521739850e+00 1.369622663351366327e+02
9.282173913043477498e+00 1.408472292881962176e+02
9.347391304347826946e+00 1.380618827584482062e+02
9.386521739130435193e+00 1.355247380900543135e+02
9.412608695652174617e+00 1.324171065821542186e+02
9.451739130434782865e+00 1.294495226352211716e+02
9.529999999999999361e+00 1.316407388989190395e+02
9.543043478260869961e+00 1.351930893440039654e+02
9.569130434782609385e+00 1.380931861628990873e+02
9.608260869565217632e+00 1.347377068668591278e+02
9.647391304347825880e+00 1.386234893042259557e+02
9.660434782608696480e+00 1.411897715754923865e+02
9.699565217391304728e+00 1.379265107098792100e+02
9.777826086956521223e+00 1.358813685688947430e+02
9.882173913043478919e+00 1.389576290376596148e+02
1.002565217391304309e+01 1.335502755045293952e+02
1.003869565217391369e+01 1.314255982332837220e+02
1.005173913043478251e+01 1.344568469760983760e+02
1.006478260869565133e+01 1.368863685047978151e+02
1.009086956521739076e+01 1.333359051465343441e+02
1.010391304347826136e+01 1.304957468478178839e+02
1.014304347826086961e+01 1.328073281160754675e+02
1.015608695652173843e+01 1.357947530154693254e+02
1.016913043478260903e+01 1.383079444332046251e+02
1.019521739130434845e+01 1.362710615599407333e+02
1.023434782608695670e+01 1.393526173937866020e+02
1.027347826086956495e+01 1.344046110439610402e+02
1.044304347826087032e+01 1.370159398405083664e+02
1.049521739130434739e+01 1.338343966364694211e+02
1.052130434782608681e+01 1.310905655766258633e+02
1.054739130434782624e+01 1.335605808414807427e+02
1.059956521739130508e+01 1.371729967835845514e+02
1.062565217391304273e+01 1.342522281906234127e+02
1.065173913043478215e+01 1.318669965348050823e+02
1.070391304347826100e+01 1.283919162633357871e+02
1.074304347826086925e+01 1.309739305193706400e+02
1.084739130434782695e+01 1.281645132270490421e+02
1.086043478260869577e+01 1.306508298456093939e+02
1.088652173913043519e+01 1.329781767020373309e+02
1.091260869565217462e+01 1.360250223137497301e+02
1.099086956521739111e+01 1.333263877372634738e+02
1.100391304347826171e+01 1.302210791578336000e+02
1.106913043478260938e+01 1.249709267754676887e+02
1.110826086956521763e+01 1.290652605455597381e+02
1.119956521739130473e+01 1.315003827764797393e+02
1.125173913043478180e+01 1.277915005156034738e+02
1.127782608695652122e+01 1.255131815730257756e+02
1.144739130434782659e+01 1.228665119572391546e+02
1.155173913043478251e+01 1.269271766066581506e+02
1.156478260869565133e+01 1.291425079713466175e+02
1.165608695652173843e+01 1.317148626192802965e+02
1.168217391304347785e+01 1.296536820850031404e+02
1.169521739130434845e+01 1.267531746598130837e+02
1.170826086956521728e+01 1.240521645923239760e+02
1.174739130434782552e+01 1.265746002949445028e+02
1.177347826086956495e+01 1.290179667375178951e+02
1.189086956521739147e+01 1.268322586028197065e+02
1.191695652173913089e+01 1.304107043726898496e+02
1.195608695652173914e+01 1.258809954472323653e+02
1.199521739130434739e+01 1.279305025454409872e+02
1.203434782608695564e+01 1.254893468451458318e+02
1.204739130434782624e+01 1.233513739890400984e+02
1.217782608695652158e+01 1.258958859140686997e+02
1.221695652173912983e+01 1.230034734028151320e+02
1.230826086956521692e+01 1.209196989975160221e+02
1.236043478260869577e+01 1.229680548910913274e+02
1.238652173913043519e+01 1.252120999920574320e+02
1.241260869565217462e+01 1.227339397986219183e+02
1.243869565217391226e+01 1.191259840883496537e+02
1.246478260869565169e+01 1.223110572443688966e+02
1.247782608695652229e+01 1.253087668545926192e+02
1.251695652173913054e+01 1.211507798229230275e+02
1.252999999999999936e+01 1.187101094304822482e+02
1.255608695652173878e+01 1.156741134107908806e+02
1.256913043478260938e+01 1.151313460385631231e+02
