# t/tauB	proportion
2.791111111111110858e+02 9.568000000000000116e-03
2.857777777777777715e+02 9.013999999999999443e-03
2.924444444444444571e+02 8.953000000000000888e-03
2.991111111111110858e+02 9.274999999999998523e-03
3.057777777777777715e+02 9.575000000000000178e-03
3.124444444444444571e+02 9.951999999999999041e-03
3.191111111111110858e+02 1.020400000000000126e-02
3.257777777777777715e+02 1.026900000000000035e-02
3.324444444444444571e+02 1.006299999999999903e-02
3.391111111111110858e+02 1.113600000000000007e-02
3.457777777777777715e+02 1.014499999999999950e-02
3.524444444444444571e+02 1.009000000000000001e-02
3.591111111111110858e+02 1.056599999999999900e-02
3.657777777777777715e+02 1.045100000000000022e-02
3.724444444444444571e+02 1.076900000000000079e-02
3.791111111111110858e+02 1.116499999999999958e-02
3.857777777777777715e+02 1.111299999999999961e-02
3.924444444444444571e+02 1.205700000000000001e-02
3.991111111111110858e+02 1.265200000000000005e-02
4.057777777777777715e+02 1.265300000000000105e-02
4.124444444444444571e+02 1.179099999999999940e-02
4.191111111111110858e+02 1.286999999999999950e-02
4.257777777777777715e+02 1.242899999999999908e-02
4.324444444444444571e+02 1.289299999999999995e-02
4.391111111111110858e+02 1.277499999999999990e-02
4.457777777777777715e+02 1.289699999999999874e-02
4.524444444444444571e+02 1.284700000000000078e-02
4.591111111111110858e+02 1.346999999999999933e-02
4.657777777777777715e+02 1.357399999999999926e-02
4.724444444444444571e+02 1.387700000000000045e-02
4.791111111111110858e+02 1.424800000000000025e-02
4.857777777777777715e+02 1.528799999999999951e-02
4.924444444444444571e+02 1.478900000000000006e-02
4.991111111111110858e+02 1.661800000000000083e-02
5.057777777777777715e+02 1.676199999999999912e-02
5.124444444444444571e+02 1.765300000000000202e-02
5.191111111111110858e+02 1.780999999999999944e-02
5.257777777777778283e+02 1.948500000000000232e-02
5.324444444444444571e+02 1.811399999999999816e-02
5.391111111111110858e+02 1.947700000000000126e-02
5.457777777777778283e+02 1.967800000000000105e-02
5.524444444444444571e+02 1.961099999999999996e-02
5.591111111111110858e+02 2.038600000000000134e-02
5.657777777777778283e+02 2.061099999999999738e-02
5.724444444444444571e+02 2.155500000000000124e-02
5.791111111111110858e+02 2.178900000000000281e-02
5.857777777777778283e+02 2.268399999999999930e-02
5.924444444444444571e+02 2.144000000000000072e-02
5.991111111111110858e+02 2.245499999999999927e-02
6.057777777777778283e+02 2.267700000000000271e-02
6.124444444444444571e+02 2.443100000000000133e-02
6.191111111111110858e+02 2.505500000000000088e-02
6.257777777777778283e+02 2.586499999999999910e-02
6.324444444444444571e+02 2.599500000000000074e-02
6.391111111111110858e+02 2.667900000000000132e-02
6.457777777777778283e+02 2.744399999999999964e-02
6.524444444444444571e+02 2.871200000000000141e-02
6.591111111111110858e+02 2.958799999999999972e-02
6.657777777777778283e+02 3.023800000000000099e-02
6.724444444444444571e+02 3.079000000000000140e-02
6.791111111111110858e+02 3.175700000000000051e-02
6.857777777777778283e+02 3.235799999999999788e-02
6.924444444444444571e+02 3.397399999999999726e-02
6.991111111111110858e+02 3.330900000000000527e-02
7.057777777777778283e+02 3.390200000000000158e-02
7.124444444444444571e+02 3.496000000000000496e-02
7.191111111111110858e+02 3.500999999999999945e-02
7.257777777777778283e+02 3.607000000000000484e-02
7.324444444444444571e+02 3.587500000000000411e-02
7.391111111111110858e+02 3.781400000000000039e-02
7.457777777777778283e+02 3.835399999999999920e-02
7.524444444444444571e+02 3.876599999999999491e-02
7.591111111111110858e+02 3.927599999999999841e-02
7.657777777777778283e+02 3.923200000000000298e-02
7.724444444444444571e+02 4.047599999999999809e-02
7.791111111111110858e+02 4.034499999999999892e-02
7.857777777777778283e+02 4.271199999999999997e-02
7.924444444444444571e+02 4.136599999999999999e-02
7.991111111111110858e+02 4.413299999999999862e-02
8.057777777777778283e+02 4.676999999999999907e-02
8.124444444444444571e+02 4.555499999999999827e-02
8.191111111111110858e+02 4.762900000000000467e-02
8.257777777777778283e+02 4.902299999999999713e-02
8.324444444444444571e+02 4.995600000000000041e-02
8.391111111111110858e+02 5.031800000000000161e-02
8.457777777777778283e+02 5.235399999999999776e-02
8.524444444444444571e+02 5.141500000000000237e-02
8.591111111111110858e+02 5.369800000000000267e-02
8.657777777777778283e+02 5.565099999999999908e-02
8.724444444444444571e+02 5.698400000000000687e-02
8.791111111111110858e+02 5.838300000000000434e-02
8.857777777777778283e+02 5.864199999999999968e-02
8.924444444444444571e+02 5.882400000000000129e-02
8.991111111111110858e+02 5.994900000000000229e-02
9.057777777777778283e+02 6.237600000000000089e-02
9.124444444444444571e+02 6.148200000000000193e-02
9.191111111111110858e+02 6.290400000000000158e-02
9.257777777777778283e+02 6.280399999999999872e-02
9.324444444444444571e+02 6.283299999999999996e-02
9.391111111111110858e+02 6.515599999999999170e-02
9.457777777777778283e+02 6.604000000000000148e-02
9.524444444444444571e+02 6.617000000000000659e-02
9.591111111111110858e+02 6.790799999999999614e-02
9.657777777777778283e+02 6.909999999999999476e-02
9.724444444444444571e+02 7.013800000000000590e-02
9.791111111111110858e+02 7.255699999999999650e-02
9.857777777777778283e+02 7.200399999999999856e-02
9.924444444444444571e+02 7.119000000000000328e-02
9.991111111111110858e+02 7.174400000000000222e-02
1.005777777777777828e+03 7.411199999999999732e-02
1.012444444444444457e+03 7.566100000000000603e-02
1.019111111111111086e+03 7.660000000000000142e-02
1.025777777777777828e+03 7.830399999999999860e-02
1.032444444444444343e+03 7.767299999999999205e-02
1.039111111111111086e+03 7.913599999999999801e-02
1.045777777777777828e+03 7.929700000000000637e-02
1.052444444444444343e+03 7.975699999999999457e-02
1.059111111111111086e+03 8.124200000000000865e-02
1.065777777777777828e+03 8.299600000000000033e-02
1.072444444444444343e+03 8.501399999999999235e-02
1.079111111111111086e+03 8.806899999999999451e-02
1.085777777777777828e+03 8.688499999999999002e-02
1.092444444444444343e+03 8.646099999999999619e-02
1.099111111111111086e+03 8.710699999999998999e-02
1.105777777777777828e+03 8.934400000000000674e-02
1.112444444444444343e+03 8.990300000000001068e-02
1.119111111111111086e+03 9.360599999999999477e-02
1.125777777777777828e+03 9.529999999999999583e-02
1.132444444444444343e+03 9.778399999999999592e-02
1.139111111111111086e+03 9.816199999999999926e-02
1.145777777777777828e+03 1.000979999999999925e-01
1.152444444444444343e+03 1.012399999999999967e-01
1.159111111111111086e+03 1.034839999999999927e-01
1.165777777777777828e+03 1.033710000000000045e-01
1.172444444444444343e+03 1.056980000000000003e-01
1.179111111111111086e+03 1.084699999999999970e-01
1.185777777777777828e+03 1.089119999999999949e-01
1.192444444444444343e+03 1.106550000000000034e-01
1.199111111111111086e+03 1.129000000000000004e-01
1.205777777777777828e+03 1.127150000000000096e-01
1.212444444444444343e+03 1.146159999999999957e-01
1.219111111111111086e+03 1.186409999999999965e-01
1.225777777777777828e+03 1.204910000000000009e-01
1.232444444444444343e+03 1.234280000000000099e-01
1.239111111111111086e+03 1.264640000000000208e-01
1.245777777777777828e+03 1.255759999999999932e-01
1.252444444444444343e+03 1.283870000000000011e-01
1.259111111111111086e+03 1.301450000000000107e-01
1.265777777777777828e+03 1.334869999999999945e-01
1.272444444444444343e+03 1.339059999999999973e-01
1.279111111111111086e+03 1.327399999999999969e-01
1.285777777777777828e+03 1.365190000000000015e-01
1.292444444444444343e+03 1.383360000000000145e-01
1.299111111111111086e+03 1.419440000000000146e-01
1.305777777777777828e+03 1.410230000000000095e-01
1.312444444444444343e+03 1.420559999999999878e-01
1.319111111111111086e+03 1.442829999999999946e-01
1.325777777777777828e+03 1.454680000000000140e-01
1.332444444444444343e+03 1.475650000000000017e-01
1.339111111111111086e+03 1.475839999999999930e-01
1.345777777777777828e+03 1.490020000000000233e-01
1.352444444444444343e+03 1.531020000000000159e-01
1.359111111111111086e+03 1.529340000000000144e-01
1.365777777777777828e+03 1.538779999999999870e-01
1.372444444444444343e+03 1.565639999999999810e-01
1.379111111111111086e+03 1.547689999999999899e-01
1.385777777777777828e+03 1.574510000000000076e-01
1.392444444444444343e+03 1.586420000000000052e-01
1.399111111111111086e+03 1.610130000000000172e-01
1.405777777777777828e+03 1.626289999999999958e-01
1.412444444444444343e+03 1.688100000000000156e-01
1.419111111111111086e+03 1.681369999999999809e-01
1.425777777777777828e+03 1.712400000000000033e-01
1.432444444444444343e+03 1.739200000000000190e-01
1.439111111111111086e+03 1.786379999999999912e-01
1.445777777777777828e+03 1.793270000000000142e-01
1.452444444444444343e+03 1.803899999999999948e-01
1.459111111111111086e+03 1.819160000000000221e-01
1.465777777777777828e+03 1.845229999999999926e-01
1.472444444444444343e+03 1.866639999999999966e-01
1.479111111111111086e+03 1.910749999999999948e-01
1.485777777777777828e+03 1.886799999999999866e-01
1.492444444444444343e+03 1.896889999999999965e-01
1.499111111111111086e+03 1.895669999999999855e-01
1.505777777777777828e+03 1.939990000000000048e-01
1.512444444444444343e+03 1.941730000000000123e-01
1.519111111111111086e+03 1.953730000000000189e-01
1.525777777777777828e+03 1.982470000000000065e-01
1.532444444444444343e+03 2.028030000000000110e-01
1.539111111111111086e+03 2.033340000000000147e-01
1.545777777777777828e+03 2.021189999999999931e-01
1.552444444444444343e+03 2.032599999999999962e-01
1.559111111111111086e+03 2.063610000000000166e-01
1.565777777777777828e+03 2.100599999999999967e-01
1.572444444444444343e+03 2.116959999999999953e-01
1.579111111111111086e+03 2.146699999999999997e-01
1.585777777777777828e+03 2.187040000000000095e-01
1.592444444444444343e+03 2.155739999999999879e-01
1.599111111111111086e+03 2.169949999999999934e-01
1.605777777777777828e+03 2.198319999999999996e-01
1.612444444444444343e+03 2.202399999999999913e-01
1.619111111111111086e+03 2.220920000000000116e-01
1.625777777777777828e+03 2.235199999999999965e-01
1.632444444444444343e+03 2.254059999999999953e-01
1.639111111111111086e+03 2.248990000000000156e-01
1.645777777777777828e+03 2.275090000000000168e-01
1.652444444444444343e+03 2.290940000000000198e-01
1.659111111111111086e+03 2.327639999999999987e-01
1.665777777777777828e+03 2.341129999999999878e-01
1.672444444444444343e+03 2.341749999999999943e-01
1.679111111111111086e+03 2.348129999999999939e-01
1.685777777777777828e+03 2.361840000000000050e-01
1.692444444444444343e+03 2.388210000000000055e-01
1.699111111111111086e+03 2.431750000000000023e-01
1.705777777777777828e+03 2.429430000000000200e-01
1.712444444444444343e+03 2.464979999999999949e-01
1.719111111111111086e+03 2.501010000000000177e-01
1.725777777777777828e+03 2.539019999999999611e-01
1.732444444444444343e+03 2.548500000000000210e-01
1.739111111111111086e+03 2.570899999999999852e-01
1.745777777777777828e+03 2.625910000000000188e-01
1.752444444444444343e+03 2.609560000000000213e-01
1.759111111111111086e+03 2.603809999999999736e-01
1.765777777777777828e+03 2.661649999999999849e-01
1.772444444444444343e+03 2.628130000000000188e-01
1.779111111111111086e+03 2.635999999999999455e-01
1.785777777777777828e+03 2.685810000000000142e-01
1.792444444444444343e+03 2.694929999999999826e-01
1.799111111111111086e+03 2.690059999999999674e-01
1.805777777777777828e+03 2.733970000000000011e-01
1.812444444444444343e+03 2.754739999999999966e-01
1.819111111111111086e+03 2.772189999999999932e-01
1.825777777777777828e+03 2.774079999999999879e-01
1.832444444444444343e+03 2.803289999999999949e-01
1.839111111111111086e+03 2.764969999999999928e-01
1.845777777777777828e+03 2.768929999999999447e-01
1.852444444444444343e+03 2.783339999999999703e-01
1.859111111111111086e+03 2.832199999999999718e-01
1.865777777777777828e+03 2.840399999999999592e-01
1.872444444444444343e+03 2.852900000000000436e-01
1.879111111111111086e+03 2.873719999999999608e-01
1.885777777777777828e+03 2.891830000000000234e-01
1.892444444444444343e+03 2.922620000000000218e-01
1.899111111111111086e+03 2.914839999999999653e-01
1.905777777777777828e+03 2.926050000000000040e-01
1.912444444444444343e+03 2.981709999999999638e-01
1.919111111111111086e+03 3.011240000000000028e-01
1.925777777777777828e+03 2.990099999999999980e-01
1.932444444444444343e+03 2.997489999999999877e-01
1.939111111111111086e+03 3.020470000000000099e-01
1.945777777777777828e+03 3.032249999999999668e-01
1.952444444444444343e+03 3.078199999999999825e-01
1.959111111111111086e+03 3.102079999999999838e-01
1.965777777777777828e+03 3.066280000000000117e-01
1.972444444444444343e+03 3.124439999999999995e-01
1.979111111111111086e+03 3.128349999999999742e-01
1.985777777777777828e+03 3.159759999999999791e-01
1.992444444444444343e+03 3.182590000000000141e-01
1.999111111111111086e+03 3.202110000000000234e-01
2.005777777777777828e+03 3.202619999999999911e-01
2.012444444444444343e+03 3.192920000000000202e-01
2.019111111111111086e+03 3.197559999999999847e-01
2.025777777777777828e+03 3.219429999999999792e-01
2.032444444444444343e+03 3.228320000000000078e-01
2.039111111111111086e+03 3.220480000000000009e-01
2.045777777777777828e+03 3.234739999999999838e-01
2.052444444444444343e+03 3.228239999999999998e-01
2.059111111111111313e+03 3.255529999999999813e-01
2.065777777777777828e+03 3.264630000000000032e-01
2.072444444444444343e+03 3.280729999999999480e-01
2.079111111111111313e+03 3.268969999999999931e-01
2.085777777777777828e+03 3.242360000000000242e-01
2.092444444444444343e+03 3.241030000000000300e-01
2.099111111111111313e+03 3.297160000000000091e-01
2.105777777777777828e+03 3.304829999999999712e-01
2.112444444444444343e+03 3.333500000000000352e-01
2.119111111111111313e+03 3.327189999999999870e-01
2.125777777777777828e+03 3.361540000000000084e-01
2.132444444444444343e+03 3.362399999999999833e-01
2.139111111111111313e+03 3.360879999999999423e-01
2.145777777777777828e+03 3.415329999999999755e-01
2.152444444444444343e+03 3.366890000000000160e-01
2.159111111111111313e+03 3.428400000000000336e-01
2.165777777777777828e+03 3.445290000000000297e-01
2.172444444444444343e+03 3.447799999999999754e-01
2.179111111111111313e+03 3.432490000000000263e-01
2.185777777777777828e+03 3.464080000000000492e-01
2.192444444444444343e+03 3.484479999999999800e-01
2.199111111111111313e+03 3.476430000000000353e-01
2.205777777777777828e+03 3.477859999999999840e-01
2.212444444444444343e+03 3.471499999999999586e-01
2.219111111111111313e+03 3.549219999999999597e-01
2.225777777777777828e+03 3.526909999999999767e-01
2.232444444444444343e+03 3.561670000000000114e-01
2.239111111111111313e+03 3.583579999999999544e-01
2.245777777777777828e+03 3.587529999999999886e-01
2.252444444444444343e+03 3.584379999999999789e-01
2.259111111111111313e+03 3.610820000000000141e-01
2.265777777777777828e+03 3.630700000000000038e-01
2.272444444444444343e+03 3.593410000000000215e-01
2.279111111111111313e+03 3.640550000000000175e-01
2.285777777777777828e+03 3.647099999999999786e-01
2.292444444444444343e+03 3.659810000000000008e-01
2.299111111111111313e+03 3.651409999999999934e-01
2.305777777777777828e+03 3.700109999999999788e-01
2.312444444444444343e+03 3.692199999999999926e-01
2.319111111111111313e+03 3.687570000000000014e-01
2.325777777777777828e+03 3.710139999999999549e-01
2.332444444444444343e+03 3.698270000000000168e-01
2.339111111111111313e+03 3.732030000000000070e-01
2.345777777777777828e+03 3.703899999999999970e-01
2.352444444444444343e+03 3.755490000000000217e-01
2.359111111111111313e+03 3.738920000000000021e-01
2.365777777777777828e+03 3.716580000000000439e-01
2.372444444444444343e+03 3.737880000000000091e-01
2.379111111111111313e+03 3.763189999999999591e-01
2.385777777777777828e+03 3.780900000000000372e-01
2.392444444444444343e+03 3.764859999999999873e-01
2.399111111111111313e+03 3.786970000000000058e-01
2.405777777777777828e+03 3.803109999999999546e-01
2.412444444444444343e+03 3.820350000000000135e-01
2.419111111111111313e+03 3.792099999999999915e-01
2.425777777777777828e+03 3.797270000000000367e-01
2.432444444444444343e+03 3.837890000000000468e-01
2.439111111111111313e+03 3.840099999999999625e-01
2.445777777777777828e+03 3.843149999999999622e-01
2.452444444444444343e+03 3.855739999999999723e-01
2.459111111111111313e+03 3.909819999999999962e-01
2.465777777777777828e+03 3.913470000000000004e-01
2.472444444444444343e+03 3.928699999999999970e-01
2.479111111111111313e+03 3.928169999999999717e-01
2.485777777777777828e+03 3.942930000000000046e-01
2.492444444444444343e+03 3.931410000000000182e-01
2.499111111111111313e+03 3.964389999999999858e-01
2.505777777777777828e+03 3.918690000000000229e-01
2.512444444444444343e+03 3.952100000000000057e-01
2.519111111111111313e+03 3.965389999999999748e-01
2.525777777777777828e+03 3.943150000000000266e-01
2.532444444444444343e+03 3.953409999999999425e-01
2.539111111111111313e+03 3.972149999999999848e-01
2.545777777777777828e+03 3.948990000000000000e-01
2.552444444444444343e+03 3.956060000000000132e-01
2.559111111111111313e+03 3.972870000000000013e-01
2.565777777777777828e+03 3.998220000000000107e-01
2.572444444444444343e+03 3.987469999999999626e-01
2.579111111111111313e+03 3.979810000000000292e-01
2.585777777777777828e+03 3.960949999999999749e-01
2.592444444444444343e+03 3.987819999999999698e-01
2.599111111111111313e+03 4.008310000000000484e-01
2.605777777777777828e+03 3.996219999999999772e-01
2.612444444444444343e+03 4.011139999999999706e-01
2.619111111111111313e+03 3.995849999999999680e-01
2.625777777777777828e+03 4.004360000000000142e-01
2.632444444444444343e+03 4.019880000000000120e-01
2.639111111111111313e+03 4.015460000000000140e-01
2.645777777777777828e+03 4.041720000000000312e-01
2.652444444444444343e+03 4.049619999999999886e-01
2.659111111111111313e+03 4.051239999999999841e-01
2.665777777777777828e+03 4.059289999999999843e-01
2.672444444444444343e+03 4.036830000000000140e-01
2.679111111111111313e+03 4.036819999999999853e-01
2.685777777777777828e+03 4.056040000000000201e-01
2.692444444444444343e+03 4.061190000000000078e-01
2.699111111111111313e+03 4.081089999999999995e-01
2.705777777777777828e+03 4.097439999999999971e-01
2.712444444444444343e+03 4.087189999999999990e-01
2.719111111111111313e+03 4.139700000000000046e-01
2.725777777777777828e+03 4.154760000000000120e-01
2.732444444444444343e+03 4.142120000000000246e-01
2.739111111111111313e+03 4.143419999999999881e-01
2.745777777777777828e+03 4.145020000000000371e-01
2.752444444444444343e+03 4.166259999999999963e-01
2.759111111111111313e+03 4.137140000000000262e-01
2.765777777777777828e+03 4.172280000000000433e-01
2.772444444444444343e+03 4.172519999999999563e-01
2.779111111111111313e+03 4.185130000000000239e-01
2.785777777777777828e+03 4.173179999999999668e-01
2.792444444444444343e+03 4.189549999999999663e-01
2.799111111111111313e+03 4.205200000000000049e-01
2.805777777777777828e+03 4.244830000000000547e-01
2.812444444444444343e+03 4.240279999999999605e-01
2.819111111111111313e+03 4.267560000000000242e-01
2.825777777777777828e+03 4.233390000000000208e-01
2.832444444444444343e+03 4.254430000000000156e-01
2.839111111111111313e+03 4.286710000000000242e-01
2.845777777777777828e+03 4.249890000000000057e-01
2.852444444444444343e+03 4.283520000000000660e-01
2.859111111111111313e+03 4.257370000000000321e-01
2.865777777777777828e+03 4.232000000000000206e-01
2.872444444444444343e+03 4.253149999999999986e-01
2.879111111111111313e+03 4.219240000000000212e-01
2.885777777777777828e+03 4.263599999999999612e-01
2.892444444444444343e+03 4.261119999999999908e-01
2.899111111111111313e+03 4.295759999999999579e-01
2.905777777777777828e+03 4.294550000000000312e-01
2.912444444444444343e+03 4.310010000000000230e-01
2.919111111111111313e+03 4.323110000000000008e-01
2.925777777777777828e+03 4.346360000000000223e-01
2.932444444444444343e+03 4.322000000000000286e-01
2.939111111111111313e+03 4.340960000000000374e-01
2.945777777777777828e+03 4.342210000000000236e-01
2.952444444444444343e+03 4.346849999999999881e-01
2.959111111111111313e+03 4.341869999999999896e-01
2.965777777777777828e+03 4.318619999999999681e-01
2.972444444444444343e+03 4.342110000000000136e-01
2.979111111111111313e+03 4.375999999999999890e-01
2.985777777777777828e+03 4.353899999999999992e-01
2.992444444444444343e+03 4.328429999999999778e-01
2.999111111111111313e+03 4.366659999999999986e-01
3.005777777777777828e+03 4.389119999999999688e-01
3.012444444444444343e+03 4.404399999999999982e-01
3.019111111111111313e+03 4.400650000000000395e-01
3.025777777777777828e+03 4.413920000000000066e-01
3.032444444444444343e+03 4.429349999999999676e-01
3.039111111111111313e+03 4.483949999999999880e-01
3.045777777777777828e+03 4.470210000000000017e-01
3.052444444444444343e+03 4.437989999999999990e-01
3.059111111111111313e+03 4.412960000000000216e-01
3.065777777777777828e+03 4.460029999999999828e-01
3.072444444444444343e+03 4.487649999999999695e-01
3.079111111111111313e+03 4.467879999999999630e-01
3.085777777777777828e+03 4.490129999999999955e-01
3.092444444444444343e+03 4.507210000000000383e-01
3.099111111111111313e+03 4.449130000000000029e-01
3.105777777777777828e+03 4.469649999999999457e-01
3.112444444444444343e+03 4.492079999999999962e-01
3.119111111111111313e+03 4.506519999999999970e-01
3.125777777777777828e+03 4.465950000000000197e-01
3.132444444444444343e+03 4.495999999999999996e-01
3.139111111111111313e+03 4.518550000000000066e-01
3.145777777777777828e+03 4.535730000000000040e-01
3.152444444444444343e+03 4.511080000000000090e-01
3.159111111111111313e+03 4.545089999999999963e-01
3.165777777777777828e+03 4.509079999999999755e-01
3.172444444444444343e+03 4.502410000000000023e-01
3.179111111111111313e+03 4.489259999999999917e-01
3.185777777777777828e+03 4.501739999999999631e-01
3.192444444444444343e+03 4.533169999999999700e-01
3.199111111111111313e+03 4.514880000000000004e-01
3.205777777777777828e+03 4.515059999999999629e-01
3.212444444444444343e+03 4.534059999999999757e-01
3.219111111111111313e+03 4.525790000000000091e-01
3.225777777777777828e+03 4.519480000000000164e-01
3.232444444444444343e+03 4.560520000000000129e-01
3.239111111111111313e+03 4.554860000000000575e-01
3.245777777777777828e+03 4.555710000000000037e-01
3.252444444444444343e+03 4.553190000000000293e-01
3.259111111111111313e+03 4.557479999999999865e-01
3.265777777777777828e+03 4.590180000000000371e-01
3.272444444444444343e+03 4.596919999999999895e-01
3.279111111111111313e+03 4.607930000000000081e-01
3.285777777777777828e+03 4.623579999999999912e-01
3.292444444444444343e+03 4.621640000000000192e-01
3.299111111111111313e+03 4.638170000000000348e-01
3.305777777777777828e+03 4.647529999999999717e-01
3.312444444444444343e+03 4.642809999999999993e-01
3.319111111111111313e+03 4.639539999999999775e-01
3.325777777777777828e+03 4.636440000000000006e-01
3.332444444444444343e+03 4.663319999999999688e-01
3.339111111111111313e+03 4.636280000000000401e-01
3.345777777777777828e+03 4.603820000000000134e-01
3.352444444444444343e+03 4.628780000000000117e-01
3.359111111111111313e+03 4.627799999999999692e-01
3.365777777777777828e+03 4.653639999999999999e-01
3.372444444444444343e+03 4.643780000000000130e-01
3.379111111111111313e+03 4.676109999999999989e-01
3.385777777777777828e+03 4.663190000000000390e-01
3.392444444444444343e+03 4.653119999999999479e-01
3.399111111111111313e+03 4.673089999999999744e-01
3.405777777777777828e+03 4.681849999999999623e-01
3.412444444444444343e+03 4.683929999999999483e-01
3.419111111111111313e+03 4.685619999999999785e-01
3.425777777777777828e+03 4.694519999999999804e-01
3.432444444444444343e+03 4.707050000000000400e-01
3.439111111111111313e+03 4.685989999999999878e-01
3.445777777777777828e+03 4.751259999999999928e-01
3.452444444444444343e+03 4.755969999999999920e-01
3.459111111111111313e+03 4.750119999999999898e-01
3.465777777777777828e+03 4.727919999999999900e-01
3.472444444444444343e+03 4.757430000000000270e-01
3.479111111111111313e+03 4.745709999999999651e-01
3.485777777777777828e+03 4.761170000000000124e-01
3.492444444444444343e+03 4.770590000000000108e-01
3.499111111111111313e+03 4.760340000000000127e-01
3.505777777777777828e+03 4.791699999999999848e-01
3.512444444444444343e+03 4.783169999999999922e-01
3.519111111111111313e+03 4.813939999999999886e-01
3.525777777777777828e+03 4.772350000000000203e-01
3.532444444444444343e+03 4.815770000000000328e-01
3.539111111111111313e+03 4.824660000000000060e-01
3.545777777777777828e+03 4.818769999999999998e-01
3.552444444444444343e+03 4.830560000000000409e-01
3.559111111111111313e+03 4.825629999999999642e-01
3.565777777777777828e+03 4.825030000000000152e-01
3.572444444444444343e+03 4.802600000000000202e-01
3.579111111111111313e+03 4.795890000000000430e-01
3.585777777777777828e+03 4.834389999999999521e-01
3.592444444444444343e+03 4.832739999999999814e-01
3.599111111111111313e+03 4.833479999999999999e-01
3.605777777777777828e+03 4.837429999999999786e-01
3.612444444444444343e+03 4.848850000000000104e-01
3.619111111111111313e+03 4.855690000000000284e-01
3.625777777777777828e+03 4.834660000000000069e-01
3.632444444444444343e+03 4.838869999999999560e-01
3.639111111111111313e+03 4.823520000000000030e-01
3.645777777777777828e+03 4.844470000000000165e-01
3.652444444444444343e+03 4.855540000000000411e-01
3.659111111111111313e+03 4.885619999999999963e-01
3.665777777777777828e+03 4.864330000000000043e-01
3.672444444444444343e+03 4.835869999999999891e-01
3.679111111111111313e+03 4.822489999999999832e-01
3.685777777777777828e+03 4.831849999999999756e-01
3.692444444444444343e+03 4.848020000000000107e-01
3.699111111111111313e+03 4.838700000000000223e-01
3.705777777777777828e+03 4.873370000000000202e-01
3.712444444444444343e+03 4.885269999999999890e-01
3.719111111111111313e+03 4.876000000000000334e-01
3.725777777777777828e+03 4.889149999999999885e-01
3.732444444444444343e+03 4.886240000000000028e-01
3.739111111111111313e+03 4.894620000000000082e-01
3.745777777777777828e+03 4.903080000000000216e-01
3.752444444444444343e+03 4.904460000000000486e-01
3.759111111111111313e+03 4.941720000000000002e-01
3.765777777777777828e+03 4.916159999999999974e-01
3.772444444444444343e+03 4.944819999999999771e-01
3.779111111111111313e+03 4.975199999999999623e-01
3.785777777777777828e+03 4.971219999999999528e-01
3.792444444444444343e+03 4.919470000000000232e-01
3.799111111111111313e+03 4.958500000000000130e-01
3.805777777777777828e+03 4.957209999999999672e-01
3.812444444444444343e+03 4.973770000000000135e-01
3.819111111111111313e+03 4.939999999999999947e-01
3.825777777777777828e+03 4.922560000000000269e-01
3.832444444444444343e+03 4.945439999999999836e-01
3.839111111111111313e+03 4.964540000000000064e-01
3.845777777777777828e+03 4.983769999999999589e-01
3.852444444444444343e+03 4.968589999999999951e-01
3.859111111111111313e+03 4.964549999999999796e-01
3.865777777777777828e+03 4.979280000000000372e-01
3.872444444444444343e+03 4.982059999999999822e-01
3.879111111111111313e+03 4.989270000000000094e-01
3.885777777777777828e+03 4.967979999999999619e-01
3.892444444444444343e+03 4.996249999999999858e-01
3.899111111111111313e+03 5.008750000000000702e-01
3.905777777777777828e+03 4.998749999999999583e-01
3.912444444444444343e+03 5.036260000000000181e-01
3.919111111111111313e+03 5.047899999999999610e-01
3.925777777777777828e+03 5.036880000000000246e-01
3.932444444444444343e+03 5.047840000000000105e-01
3.939111111111111313e+03 5.064440000000000053e-01
3.945777777777777828e+03 5.034980000000000011e-01
3.952444444444444343e+03 5.034270000000000689e-01
3.959111111111111313e+03 5.044999999999999485e-01
3.965777777777777828e+03 5.065979999999999928e-01
3.972444444444444343e+03 5.095499999999999474e-01
3.979111111111111313e+03 5.067919999999999092e-01
3.985777777777777828e+03 5.040740000000000220e-01
3.992444444444444343e+03 5.094250000000000167e-01
3.999111111111111313e+03 5.090230000000000032e-01
4.005777777777777828e+03 5.063790000000000235e-01
4.012444444444444343e+03 5.054870000000000196e-01
4.019111111111111313e+03 5.076750000000000984e-01
4.025777777777777828e+03 5.069479999999999542e-01
4.032444444444444343e+03 5.100459999999999994e-01
4.039111111111111313e+03 5.086809999999999388e-01
4.045777777777777828e+03 5.109380000000000033e-01
4.052444444444444343e+03 5.111269999999999980e-01
4.059111111111111313e+03 5.115979999999999972e-01
4.065777777777777828e+03 5.084400000000000031e-01
4.072444444444444343e+03 5.094480000000000119e-01
4.079111111111111313e+03 5.119839999999999947e-01
4.085777777777777828e+03 5.148129999999999651e-01
4.092444444444444343e+03 5.132940000000000280e-01
4.099111111111111313e+03 5.154039999999999733e-01
4.105777777777777374e+03 5.140160000000000284e-01
4.112444444444444343e+03 5.150669999999999416e-01
4.119111111111111313e+03 5.170680000000000831e-01
4.125777777777777374e+03 5.135250000000000092e-01
4.132444444444444343e+03 5.128770000000000273e-01
4.139111111111111313e+03 5.145790000000000086e-01
4.145777777777777374e+03 5.110870000000000690e-01
4.152444444444444343e+03 5.157380000000000297e-01
4.159111111111111313e+03 5.172080000000000011e-01
4.165777777777777374e+03 5.153240000000000043e-01
4.172444444444444343e+03 5.162349999999999994e-01
4.179111111111111313e+03 5.102309999999999901e-01
4.185777777777777374e+03 5.147740000000000649e-01
4.192444444444444343e+03 5.126560000000000006e-01
4.199111111111111313e+03 5.146569999999999201e-01
4.205777777777777374e+03 5.160860000000000447e-01
4.212444444444444343e+03 5.143250000000000322e-01
4.219111111111111313e+03 5.129019999999999690e-01
4.225777777777777374e+03 5.164629999999998944e-01
4.232444444444444343e+03 5.151799999999999713e-01
4.239111111111111313e+03 5.169040000000000301e-01
4.245777777777777374e+03 5.161890000000000089e-01
4.252444444444444343e+03 5.148710000000000786e-01
4.259111111111111313e+03 5.167599999999999971e-01
4.265777777777777374e+03 5.165750000000000064e-01
4.272444444444444343e+03 5.176950000000000163e-01
4.279111111111111313e+03 5.177119999999999500e-01
4.285777777777777374e+03 5.224640000000000395e-01
4.292444444444444343e+03 5.180970000000000297e-01
4.299111111111111313e+03 5.218369999999999953e-01
4.305777777777777374e+03 5.213290000000000424e-01
4.312444444444444343e+03 5.214600000000000346e-01
4.319111111111111313e+03 5.234140000000000459e-01
4.325777777777777374e+03 5.217979999999999841e-01
4.332444444444444343e+03 5.215560000000000196e-01
4.339111111111111313e+03 5.200000000000000178e-01
4.345777777777777374e+03 5.221189999999999998e-01
4.352444444444444343e+03 5.240489999999999871e-01
4.359111111111111313e+03 5.245800000000000463e-01
4.365777777777777374e+03 5.220020000000000771e-01
4.372444444444444343e+03 5.263210000000000388e-01
4.379111111111111313e+03 5.261390000000000233e-01
4.385777777777777374e+03 5.244610000000000660e-01
4.392444444444444343e+03 5.291040000000000187e-01
4.399111111111111313e+03 5.281010000000000426e-01
4.405777777777777374e+03 5.302530000000000854e-01
4.412444444444444343e+03 5.272019999999999484e-01
4.419111111111111313e+03 5.292029999999999790e-01
4.425777777777777374e+03 5.331870000000000775e-01
4.432444444444444343e+03 5.298749999999999849e-01
4.439111111111111313e+03 5.308980000000000921e-01
4.445777777777777374e+03 5.324539999999999829e-01
4.452444444444444343e+03 5.289319999999999578e-01
4.459111111111111313e+03 5.292890000000000095e-01
4.465777777777777374e+03 5.281890000000000196e-01
4.472444444444444343e+03 5.262869999999999493e-01
4.479111111111111313e+03 5.316959999999999464e-01
4.485777777777777374e+03 5.331960000000000033e-01
4.492444444444444343e+03 5.315419999999999590e-01
4.499111111111111313e+03 5.293410000000000615e-01
4.505777777777777374e+03 5.285770000000000746e-01
4.512444444444444343e+03 5.297540000000000582e-01
4.519111111111111313e+03 5.307250000000000023e-01
4.525777777777777374e+03 5.301449999999999774e-01
4.532444444444444343e+03 5.286049999999999915e-01
4.539111111111111313e+03 5.297100000000000142e-01
4.545777777777777374e+03 5.275410000000000377e-01
4.552444444444444343e+03 5.275300000000000544e-01
4.559111111111111313e+03 5.303970000000000073e-01
4.565777777777777374e+03 5.301180000000000891e-01
4.572444444444444343e+03 5.315559999999999174e-01
4.579111111111111313e+03 5.283980000000000343e-01
4.585777777777777374e+03 5.283200000000000118e-01
4.592444444444444343e+03 5.288269999999999360e-01
4.599111111111111313e+03 5.303679999999999506e-01
4.605777777777777374e+03 5.299169999999999714e-01
4.612444444444444343e+03 5.326440000000000063e-01
4.619111111111111313e+03 5.344910000000000494e-01
4.625777777777777374e+03 5.312529999999999752e-01
4.632444444444444343e+03 5.310399999999999565e-01
4.639111111111111313e+03 5.326379999999999448e-01
4.645777777777777374e+03 5.309479999999999755e-01
4.652444444444444343e+03 5.318620000000000569e-01
4.659111111111111313e+03 5.336019999999999097e-01
4.665777777777777374e+03 5.305450000000000443e-01
4.672444444444444343e+03 5.349490000000000078e-01
4.679111111111111313e+03 5.342180000000000817e-01
4.685777777777777374e+03 5.357609999999999317e-01
4.692444444444444343e+03 5.318640000000000034e-01
4.699111111111111313e+03 5.373639999999999528e-01
4.705777777777777374e+03 5.380389999999999340e-01
4.712444444444444343e+03 5.361569999999999947e-01
4.719111111111111313e+03 5.386319999999999997e-01
4.725777777777777374e+03 5.393310000000000048e-01
4.732444444444444343e+03 5.400110000000000188e-01
4.739111111111111313e+03 5.392980000000000551e-01
4.745777777777777374e+03 5.394749999999999268e-01
4.752444444444444343e+03 5.452519999999999589e-01
4.759111111111111313e+03 5.388269999999999449e-01
4.765777777777777374e+03 5.396970000000000933e-01
4.772444444444444343e+03 5.412099999999999689e-01
4.779111111111111313e+03 5.418290000000000051e-01
4.785777777777777374e+03 5.410280000000000644e-01
4.792444444444444343e+03 5.400700000000000500e-01
4.799111111111111313e+03 5.418810000000000571e-01
4.805777777777777374e+03 5.427599999999999092e-01
4.812444444444444343e+03 5.433250000000000579e-01
4.819111111111111313e+03 5.470760000000000067e-01
4.825777777777777374e+03 5.427040000000000752e-01
4.832444444444444343e+03 5.413669999999999316e-01
4.839111111111111313e+03 5.425389999999999935e-01
4.845777777777777374e+03 5.449140000000000095e-01
4.852444444444444343e+03 5.440450000000001118e-01
4.859111111111111313e+03 5.418250000000000011e-01
4.865777777777777374e+03 5.410820000000000629e-01
4.872444444444444343e+03 5.443240000000000300e-01
4.879111111111111313e+03 5.445260000000000655e-01
4.885777777777777374e+03 5.429189999999999294e-01
4.892444444444444343e+03 5.426899999999998947e-01
4.899111111111111313e+03 5.423270000000000035e-01
4.905777777777777374e+03 5.429150000000000365e-01
4.912444444444444343e+03 5.412669999999999426e-01
4.919111111111111313e+03 5.453889999999999016e-01
4.925777777777777374e+03 5.486230000000000828e-01
4.932444444444444343e+03 5.478730000000000544e-01
4.939111111111111313e+03 5.459609999999999186e-01
4.945777777777777374e+03 5.494550000000000267e-01
4.952444444444444343e+03 5.488089999999999913e-01
4.959111111111111313e+03 5.491619999999999280e-01
4.965777777777777374e+03 5.540359999999999729e-01
4.972444444444444343e+03 5.478970000000000784e-01
4.979111111111111313e+03 5.486870000000000358e-01
4.985777777777777374e+03 5.488409999999999123e-01
4.992444444444444343e+03 5.493289999999999562e-01
4.999111111111111313e+03 5.488349999999999618e-01
5.005777777777777374e+03 5.481430000000000469e-01
5.012444444444444343e+03 5.492839999999999945e-01
5.019111111111111313e+03 5.503460000000000019e-01
5.025777777777777374e+03 5.476090000000000124e-01
5.032444444444444343e+03 5.468969999999999665e-01
5.039111111111111313e+03 5.493559999999999555e-01
5.045777777777777374e+03 5.481849999999999223e-01
5.052444444444444343e+03 5.497499999999999609e-01
5.059111111111111313e+03 5.520549999999999624e-01
5.065777777777777374e+03 5.486010000000000053e-01
5.072444444444444343e+03 5.541510000000000602e-01
5.079111111111111313e+03 5.520089999999999719e-01
5.085777777777777374e+03 5.512669999999999515e-01
5.092444444444444343e+03 5.495209999999999262e-01
5.099111111111111313e+03 5.511170000000000790e-01
5.105777777777777374e+03 5.498150000000000537e-01
5.112444444444444343e+03 5.502789999999999626e-01
5.119111111111111313e+03 5.516659999999999897e-01
5.125777777777777374e+03 5.537279999999999980e-01
5.132444444444444343e+03 5.508930000000000771e-01
5.139111111111111313e+03 5.492479999999999585e-01
5.145777777777777374e+03 5.520510000000000694e-01
5.152444444444444343e+03 5.552349999999999230e-01
5.159111111111111313e+03 5.543890000000000207e-01
5.165777777777777374e+03 5.562430000000000430e-01
5.172444444444444343e+03 5.568500000000000671e-01
5.179111111111111313e+03 5.538959999999999440e-01
5.185777777777777374e+03 5.569169999999998844e-01
5.192444444444444343e+03 5.567130000000000134e-01
5.199111111111111313e+03 5.570389999999999509e-01
5.205777777777777374e+03 5.563240000000000407e-01
5.212444444444444343e+03 5.573550000000000448e-01
5.219111111111111313e+03 5.577099999999999280e-01
5.225777777777777374e+03 5.572199999999999376e-01
5.232444444444444343e+03 5.562759999999999927e-01
5.239111111111111313e+03 5.552889999999999215e-01
5.245777777777777374e+03 5.548459999999999503e-01
5.252444444444444343e+03 5.580019999999999980e-01
5.259111111111111313e+03 5.551249999999999796e-01
5.265777777777777374e+03 5.586670000000000247e-01
5.272444444444444343e+03 5.582229999999999137e-01
5.279111111111111313e+03 5.580780000000000740e-01
5.285777777777777374e+03 5.608349999999999724e-01
5.292444444444444343e+03 5.562639999999999807e-01
5.299111111111111313e+03 5.571110000000000229e-01
5.305777777777777374e+03 5.597229999999999706e-01
5.312444444444444343e+03 5.590519999999999934e-01
5.319111111111111313e+03 5.588820000000001009e-01
5.325777777777777374e+03 5.579549999999999788e-01
5.332444444444444343e+03 5.596529999999999561e-01
5.339111111111111313e+03 5.571809999999999263e-01
5.345777777777777374e+03 5.581500000000000350e-01
5.352444444444444343e+03 5.528170000000000028e-01
5.359111111111111313e+03 5.563559999999999617e-01
5.365777777777777374e+03 5.585849999999998872e-01
5.372444444444444343e+03 5.620140000000000136e-01
5.379111111111111313e+03 5.591479999999999784e-01
5.385777777777777374e+03 5.599680000000000213e-01
5.392444444444444343e+03 5.611650000000000249e-01
5.399111111111111313e+03 5.595589999999999176e-01
5.405777777777777374e+03 5.568130000000000024e-01
5.412444444444444343e+03 5.565970000000000084e-01
5.419111111111111313e+03 5.577220000000000510e-01
5.425777777777777374e+03 5.566809999999999814e-01
5.432444444444444343e+03 5.585219999999999629e-01
5.439111111111111313e+03 5.557320000000000038e-01
5.445777777777777374e+03 5.553580000000000183e-01
5.452444444444444343e+03 5.564169999999999394e-01
5.459111111111111313e+03 5.577280000000000015e-01
5.465777777777777374e+03 5.588290000000000202e-01
5.472444444444444343e+03 5.554810000000000025e-01
5.479111111111111313e+03 5.570829999999999949e-01
5.485777777777777374e+03 5.566200000000001147e-01
5.492444444444444343e+03 5.580879999999999175e-01
5.499111111111111313e+03 5.551809999999999246e-01
5.505777777777777374e+03 5.613369999999999749e-01
5.512444444444444343e+03 5.605430000000000135e-01
5.519111111111111313e+03 5.646789999999999310e-01
5.525777777777777374e+03 5.612200000000000522e-01
5.532444444444444343e+03 5.597019999999999218e-01
5.539111111111111313e+03 5.641380000000000283e-01
5.545777777777777374e+03 5.620950000000000113e-01
5.552444444444444343e+03 5.640350000000000641e-01
5.559111111111111313e+03 5.626960000000000850e-01
5.565777777777777374e+03 5.604479999999999462e-01
5.572444444444444343e+03 5.648279999999999967e-01
5.579111111111111313e+03 5.655749999999999389e-01
5.585777777777777374e+03 5.652939999999999632e-01
5.592444444444444343e+03 5.638170000000000126e-01
5.599111111111111313e+03 5.649820000000000952e-01
5.605777777777777374e+03 5.648889999999999745e-01
5.612444444444444343e+03 5.667459999999999720e-01
5.619111111111111313e+03 5.690920000000000423e-01
5.625777777777777374e+03 5.656060000000000532e-01
5.632444444444444343e+03 5.669509999999999827e-01
5.639111111111111313e+03 5.662300000000000111e-01
5.645777777777777374e+03 5.643559999999999688e-01
5.652444444444444343e+03 5.650850000000000595e-01
5.659111111111111313e+03 5.664970000000000283e-01
5.665777777777777374e+03 5.689250000000000140e-01
5.672444444444444343e+03 5.682070000000000176e-01
5.679111111111111313e+03 5.654259999999999842e-01
5.685777777777777374e+03 5.679739999999999789e-01
5.692444444444444343e+03 5.627539999999999765e-01
5.699111111111111313e+03 5.642559999999999798e-01
5.705777777777777374e+03 5.661240000000000716e-01
5.712444444444444343e+03 5.688169999999999060e-01
5.719111111111111313e+03 5.670299999999999230e-01
5.725777777777777374e+03 5.678860000000000019e-01
5.732444444444444343e+03 5.681910000000000016e-01
5.739111111111111313e+03 5.662830000000000918e-01
5.745777777777777374e+03 5.672719999999999985e-01
5.752444444444444343e+03 5.669330000000001313e-01
5.759111111111111313e+03 5.679769999999999541e-01
5.765777777777777374e+03 5.687329999999999330e-01
5.772444444444444343e+03 5.654600000000000737e-01
5.779111111111111313e+03 5.681659999999999489e-01
5.785777777777777374e+03 5.663129999999999553e-01
5.792444444444444343e+03 5.688739999999999908e-01
5.799111111111111313e+03 5.687249999999999250e-01
5.805777777777777374e+03 5.688969999999999860e-01
5.812444444444444343e+03 5.699629999999999974e-01
5.819111111111111313e+03 5.692269999999999275e-01
5.825777777777777374e+03 5.738579999999999792e-01
5.832444444444444343e+03 5.725850000000000106e-01
5.839111111111111313e+03 5.736470000000000180e-01
5.845777777777777374e+03 5.748720000000000496e-01
5.852444444444444343e+03 5.687360000000000193e-01
5.859111111111111313e+03 5.694500000000000117e-01
5.865777777777777374e+03 5.697220000000000617e-01
5.872444444444444343e+03 5.713399999999999590e-01
5.879111111111111313e+03 5.703719999999999901e-01
5.885777777777777374e+03 5.705679999999999641e-01
5.892444444444444343e+03 5.688010000000001121e-01
5.899111111111111313e+03 5.702229999999999244e-01
5.905777777777777374e+03 5.706700000000000106e-01
5.912444444444444343e+03 5.678069999999999506e-01
5.919111111111111313e+03 5.689480000000000093e-01
5.925777777777777374e+03 5.684829999999999606e-01
5.932444444444444343e+03 5.710890000000000688e-01
5.939111111111111313e+03 5.725130000000000496e-01
5.945777777777777374e+03 5.714059999999999695e-01
5.952444444444444343e+03 5.719520000000000159e-01
5.959111111111111313e+03 5.731230000000000491e-01
5.965777777777777374e+03 5.753709999999999658e-01
5.972444444444444343e+03 5.714660000000000295e-01
5.979111111111111313e+03 5.713040000000000340e-01
5.985777777777777374e+03 5.722679999999999989e-01
5.992444444444444343e+03 5.703750000000000764e-01
5.999111111111111313e+03 5.677799999999999514e-01
6.005777777777777374e+03 5.728230000000000821e-01
6.012444444444444343e+03 5.724530000000001007e-01
6.019111111111111313e+03 5.707039999999999891e-01
6.025777777777777374e+03 5.711919999999999220e-01
6.032444444444444343e+03 5.700989999999999114e-01
6.039111111111111313e+03 5.715550000000000352e-01
6.045777777777777374e+03 5.722780000000000644e-01
6.052444444444444343e+03 5.730420000000000513e-01
6.059111111111111313e+03 5.735490000000000865e-01
6.065777777777777374e+03 5.743909999999999849e-01
6.072444444444444343e+03 5.741169999999999884e-01
6.079111111111111313e+03 5.725029999999999841e-01
6.085777777777777374e+03 5.745000000000000107e-01
6.092444444444444343e+03 5.745419999999999972e-01
6.099111111111111313e+03 5.767100000000000559e-01
6.105777777777777374e+03 5.721089999999999787e-01
6.112444444444444343e+03 5.716719999999999580e-01
6.119111111111111313e+03 5.759039999999999715e-01
6.125777777777777374e+03 5.748910000000000409e-01
6.132444444444444343e+03 5.760799999999999255e-01
6.139111111111111313e+03 5.748599999999999266e-01
6.145777777777777374e+03 5.723310000000000342e-01
6.152444444444444343e+03 5.736710000000000420e-01
6.159111111111111313e+03 5.758970000000001033e-01
6.165777777777777374e+03 5.732820000000000693e-01
6.172444444444444343e+03 5.802190000000000403e-01
6.179111111111111313e+03 5.758809999999999762e-01
6.185777777777777374e+03 5.784380000000000077e-01
6.192444444444444343e+03 5.772459999999999258e-01
6.199111111111111313e+03 5.777539999999999898e-01
6.205777777777777374e+03 5.799450000000000438e-01
6.212444444444444343e+03 5.825219999999999843e-01
6.219111111111111313e+03 5.784970000000000390e-01
6.225777777777777374e+03 5.795529999999999848e-01
6.232444444444444343e+03 5.797919999999999741e-01
6.239111111111111313e+03 5.807970000000000077e-01
6.245777777777777374e+03 5.805949999999999722e-01
6.252444444444444343e+03 5.782270000000000465e-01
6.259111111111111313e+03 5.826199999999999157e-01
6.265777777777777374e+03 5.785379999999999967e-01
6.272444444444444343e+03 5.792809999999999349e-01
