0.13323441 2209.9514
0.19985698 392.43602
0.26647955 3.357287
0.33309139 1.722015
0.39971396 3.342629
0.46633653 4.049688
0.53294837 5.429649
0.59957094 5.265641
0.66619351 5.238911
0.73280535 4.633883
0.79942792 2.935857
0.86605049 5.218466
0.93267306 5.51003
0.9992849 4.700137
1.0659075 2.749644
1.13253 1.797331
1.1991419 2.135904
1.2657645 2.028279
1.332387 2.056258
1.3989989 1.164668
1.4656214 0.821666
1.532244 1.027021
1.5988558 0.848931
1.6654784 0.468587
1.732101 0.481532
1.7987128 0.702004
1.8653354 0.492793
1.931958 0.413872
1.9985698 0.207798
2.0651924 0.287359
2.1318149 0.211029
2.1984268 0.334762
2.2650493 0.244718
2.3316719 0.294224
2.3982945 0.295289
2.4649063 0.204387
2.5315289 0.20493
2.5981515 0.266803
2.6647633 0.21247
2.7313859 0.205406
2.7980084 0.189756
2.8646203 0.136845
2.9312429 0.165574
2.9978654 0.193913
3.0644773 0.233391
3.1310998 0.236276
3.1977224 0.304641
3.2643342 0.203382
3.3309568 0.340703
3.3975794 0.265706
3.4641912 0.19422
3.5308138 0.35072
3.5974364 0.444225
3.6640482 0.511388
3.7306708 0.355161
3.7972933 0.525016
3.8639159 0.819653
3.9305278 0.457211
3.9971503 0.768022
4.0637729 0.632639
4.1303847 0.754676
4.1970073 1.097774
4.2636299 0.434708
4.3302417 0.738792
4.3968643 0.868574
4.4634869 0.53886
4.5300987 0.525428
4.5967213 1.641395
4.6633438 1.121814
4.7299557 1.163277
4.7965783 0.737395
4.8632008 1.381688
4.9298127 1.707845
4.9964352 0.857338
5.0630578 0.65787
5.1296696 1.504357
5.1962922 0.840614
5.2629148 1.232572
5.3295266 0.851237
5.3961492 0.96832
5.4627718 1.526189
5.5293943 1.425152
5.5960062 1.585302
5.6626287 1.064933
5.7292513 1.049829
5.7958631 0.930675
5.8624857 0.872063
5.9291083 1.516692
5.9957201 0.783128
6.0623427 0.91086
6.1289653 1.224276
6.1955771 1.343716
6.2621997 1.133215
6.3288222 0.837839
6.3954341 1.230182
6.4620567 1.50474
6.5286792 1.327653
6.5952911 1.350969
6.6619136 1.453048
6.7285362 1.389951
6.795148 1.207203
6.8617706 1.245219
6.9283932 1.36016
6.9950158 1.427325
7.0616276 1.471878
7.1282502 1.692811
7.1948727 0.925384
7.2614846 1.163595
7.3281072 2.317309
7.3947297 1.488998
7.4613416 1.719606
7.5279641 1.788443
7.5945867 1.035241
7.6611985 0.788558
7.7278211 0.852433
7.7944437 1.175078
7.8610555 1.226173
7.9276781 0.878738
7.9943007 0.957848
8.0609125 0.783609
8.1275351 0.784588
8.1941576 1.030232
8.2607695 0.628298
8.3273921 0.830111
8.3940146 0.789914
8.4606372 0.778216
8.527249 0.804656
8.5938716 0.543741
8.6604942 0.830969
8.727106 0.583164
8.7937286 0.780649
8.8603512 0.974763
8.926963 0.783757
8.9935856 0.723429
9.0602081 0.954342
9.12682 0.911193
9.1934425 0.683507
9.2600651 0.845803
9.3266769 0.908552
9.3932995 1.013451
9.4599221 0.72359
9.5265339 0.905745
9.5931565 0.797079
9.6597791 0.712316
9.7263909 1.112553
9.7930135 0.780831
9.8596361 0.772143
9.9262479 1.282998
9.9928705 0.708798
10.059493 1.408155
10.126116 0.688764
10.192727 0.912904
10.25935 0.816025
10.325973 1.16698
10.392584 0.661236
10.459207 0.950761
10.52583 0.956183
10.592441 1.487893
10.659064 1.001439
10.725687 1.260895
10.792298 0.768807
10.858921 1.100415
10.925544 0.814877
10.992155 1.096288
11.058778 0.91589
11.125401 1.179851
11.192012 1.122426
11.258635 1.317081
11.325257 1.166611
11.391869 1.279018
11.458492 0.75966
11.525114 0.92937
11.591737 0.969805
11.658349 1.33088
11.724971 0.967884
11.791594 0.823712
11.858206 0.928098
11.924828 0.81185
11.991451 0.809314
12.058063 0.984264
12.124685 1.554977
12.191308 0.933287
12.25792 0.956955
12.324542 1.154542
12.391165 1.090385
12.457777 1.482286
12.524399 0.679833
12.591022 0.973845
12.657634 1.661502
12.724256 1.465542
12.790879 1.256272
12.857491 1.088287
12.924113 0.89145
12.990736 1.108253
13.057358 1.005011
13.12397 1.131587
13.190593 1.28061
13.257215 1.286336
13.323827 1.075508
13.39045 0.695275
13.457072 0.789444
13.523684 1.524589
13.590307 1.166299
13.656929 1.004129
13.723541 1.200475
13.790164 1.266999
13.856786 0.951982
13.923398 0.7784
13.990021 0.816278
14.056643 1.024805
14.123255 1.034442
14.189878 0.993825
14.2565 1.183464
14.323112 1.132311
14.389735 1.288443
14.456357 1.199918
14.522969 1.002579
14.589592 1.16777
14.656214 1.024606
14.722837 1.000694
14.789449 1.260052
14.856071 0.796742
14.922694 0.84131
14.989306 1.17761
15.055928 0.66894
15.122551 1.019809
15.189163 0.977861
15.255785 0.912616
15.322408 1.010116
15.38902 1.412862
15.455642 1.239162
15.522265 1.162195
15.588877 1.024397
15.655499 0.604648
15.722122 0.973866
15.788734 0.682335
15.855356 0.870066
15.921979 1.016484
15.988591 0.941686
16.055213 0.936718
16.121836 1.032958
16.188458 0.872838
16.25507 1.28729
16.321693 0.932613
16.388315 1.131113
16.454927 0.838894
16.52155 0.972497
16.588172 0.988175
16.654784 0.903957
16.721407 0.990874
16.788029 1.224596
16.854641 0.963043
16.921264 1.370535
16.987886 0.751181
17.054498 1.266363
17.121121 1.096275
17.187743 0.89234
17.254355 0.858399
17.320978 0.823558
17.3876 1.338987
17.454212 0.91291
17.520835 1.383339
17.587457 0.818837
17.65408 0.94471
17.720692 1.243896
17.787314 0.999532
17.853937 0.857198
17.920549 0.828986
17.987171 1.178219
18.053794 1.132793
18.120406 1.328882
18.187028 0.729941
18.253651 1.238437
18.320263 1.132705
18.386885 1.345424
18.453508 1.187696
18.520119 1.04977
18.586742 0.85379
18.653365 0.900619
18.719976 0.720837
18.786599 1.031877
18.853222 0.976715
18.919833 0.92435
18.986456 1.003071
19.053079 1.276331
19.11969 1.219492
19.186313 1.131762
19.252936 1.272205
19.319558 0.786355
19.38617 0.914395
19.452793 0.745449
19.519415 1.134926
19.586027 1.202706
19.65265 0.824788
19.719272 0.800035
19.785884 0.698444
19.852507 1.044831
19.919129 0.953638
19.985741 0.877405

