000 0.0145675
001 0.0144751
002 0.0146747
003 0.0142562
004 0.0150241
005 0.0147168
006 0.0167072
007 0.0160915
008 0.0164725
009 0.0176281
010 0.0155878
011 0.0159015
012 0.0168533
013 0.0177346
014 0.016891
015 0.0177267
016 0.0187331
017 0.0191962
018 0.0200106
019 0.0215469
020 0.0198266
021 0.0211842
022 0.0203089
023 0.0211349
024 0.0207251
025 0.0208245
026 0.0212001
027 0.0226612
028 0.0228701
029 0.0234264
030 0.0229012
031 0.0257248
032 0.0261434
033 0.0276986
034 0.0289901
035 0.0309197
036 0.0289625
037 0.0330024
038 0.0326488
039 0.0330941
040 0.0346065
041 0.0339501
042 0.0352402
043 0.0360023
044 0.04
045 0.0399388
046 0.0399894
047 0.037968
048 0.0390448
049 0.0400148
050 0.0443753
051 0.043992
052 0.0457251
053 0.0451358
054 0.0464113
055 0.0493047
056 0.0474863
057 0.0515556
058 0.0523769
059 0.0544211
060 0.0555087
061 0.0545455
062 0.057045
063 0.056024
064 0.0577177
065 0.0595657
066 0.0587554
067 0.0600126
068 0.0604023
069 0.0606395
070 0.0632925
071 0.064506
072 0.0650236
073 0.0657191
074 0.0689456
075 0.0676086
076 0.0698077
077 0.0669386
078 0.0714809
079 0.0745715
080 0.0725107
081 0.0757781
082 0.0776105
083 0.078457
084 0.0789446
085 0.0821882
086 0.0797578
087 0.0850397
088 0.0872133
089 0.0898759
090 0.0902676
091 0.0898724
092 0.0926536
093 0.0925955
094 0.094664
095 0.0951461
096 0.100993
097 0.0981242
098 0.0968062
099 0.101754
100 0.100757
101 0.103817
102 0.104783
103 0.107699
104 0.107113
105 0.109252
106 0.110424
107 0.107619
108 0.110192
109 0.109816
110 0.111336
111 0.113706
112 0.116108
113 0.112576
114 0.116597
115 0.114841
116 0.116544
117 0.118156
118 0.118305
119 0.123063
120 0.123985
121 0.121306
122 0.122953
123 0.12461
124 0.125454
125 0.126883
126 0.12933
127 0.129554
128 0.133181
129 0.132232
130 0.13737
131 0.138375
132 0.138429
133 0.140512
134 0.140116
135 0.143346
136 0.143782
137 0.145965
138 0.146483
139 0.143554
140 0.149161
141 0.152295
142 0.153089
143 0.158361
144 0.161035
145 0.159607
146 0.160535
147 0.161531
148 0.166744
149 0.16394
150 0.162611
151 0.16782
152 0.168233
153 0.170653
154 0.173146
155 0.175847
156 0.175477
157 0.175129
158 0.177325
159 0.178417
160 0.178843
161 0.176371
162 0.178843
163 0.183332
164 0.186154
165 0.18357
166 0.187353
167 0.189202
168 0.190268
169 0.192747
170 0.194691
171 0.193687
172 0.198633
173 0.202319
174 0.204458
175 0.203814
176 0.206217
177 0.207816
178 0.208263
179 0.208958
180 0.21538
181 0.213688
182 0.214675
183 0.212485
184 0.215383
185 0.217544
186 0.216011
187 0.218836
188 0.223808
189 0.224335
190 0.221979
191 0.224962
192 0.227939
193 0.229439
194 0.232287
195 0.233655
196 0.233064
197 0.23428
198 0.233949
199 0.236554
200 0.239308
201 0.234926
202 0.238506
203 0.238435
204 0.235743
205 0.240463
206 0.238629
207 0.241407
208 0.244527
209 0.244023
210 0.246495
211 0.245462
212 0.249289
213 0.251513
214 0.250102
215 0.250508
216 0.252531
217 0.254915
218 0.255762
219 0.258862
220 0.258904
221 0.25858
222 0.260177
223 0.260259
224 0.260898
225 0.258866
226 0.26319
227 0.264503
228 0.266435
229 0.26432
230 0.266559
231 0.267207
232 0.267836
233 0.269782
234 0.267366
235 0.269893
236 0.272997
237 0.271593
238 0.271616
239 0.278388
240 0.278579
241 0.278778
242 0.279382
243 0.275016
244 0.280508
245 0.282253
246 0.283405
247 0.283322
248 0.284348
249 0.28489
250 0.288958
251 0.285993
252 0.288083
253 0.287526
254 0.290537
255 0.291018
256 0.29034
257 0.289127
258 0.291773
259 0.294156
260 0.292585
261 0.291838
262 0.291057
263 0.293116
264 0.288642
265 0.292302
266 0.295276
267 0.296243
268 0.298681
269 0.29591
270 0.295093
271 0.294059
272 0.292831
273 0.294973
274 0.298116
275 0.297024
276 0.292331
277 0.294428
278 0.295325
279 0.296521
280 0.299059
281 0.294827
282 0.302204
283 0.300045
284 0.299821
285 0.298605
286 0.30054
287 0.30256
288 0.303574
289 0.303092
290 0.300104
291 0.304318
292 0.303678
293 0.304234
294 0.303404
295 0.308458
296 0.310524
297 0.306625
298 0.307822
299 0.30698
300 0.310668
301 0.311318
302 0.307891
303 0.313538
304 0.30948
305 0.309925
306 0.312828
307 0.310408
308 0.313251
309 0.309729
310 0.311043
311 0.310249
312 0.310405
313 0.312236
314 0.312809
315 0.314218
316 0.314175
317 0.31349
318 0.315688
319 0.317124
320 0.316518
321 0.318542
322 0.314492
323 0.316399
324 0.31556
325 0.316235
326 0.316112
327 0.316721
328 0.317211
329 0.31929
330 0.317623
331 0.317883
332 0.317685
333 0.319805
334 0.321607
335 0.319901
336 0.319733
337 0.323579
338 0.318627
339 0.320804
340 0.31849
341 0.319921
342 0.313687
343 0.321004
344 0.31573
345 0.318137
346 0.319921
347 0.317759
348 0.320022
349 0.316534
350 0.320314
351 0.31849
352 0.318279
353 0.318509
354 0.31654
355 0.317159
356 0.318631
357 0.317545
358 0.318229
359 0.318658
360 0.317016
361 0.317196
362 0.316901
363 0.315226
364 0.315761
365 0.317959
366 0.317008
367 0.316687
368 0.316712
369 0.316121
370 0.318346
371 0.317151
372 0.31472
373 0.315881
374 0.314659
375 0.319409
376 0.316397
377 0.317984
378 0.320887
379 0.31856
380 0.317216
381 0.31864
382 0.320246
383 0.315417
384 0.317961
385 0.315081
386 0.31664
387 0.318832
388 0.32095
389 0.316019
390 0.320085
391 0.316385
392 0.31726
393 0.318157
394 0.316743
395 0.316546
396 0.318882
397 0.323817
398 0.320169
399 0.321452
400 0.319637
401 0.320242
402 0.315813
403 0.318274
404 0.320308
405 0.320771
406 0.319802
407 0.319075
408 0.31682
409 0.318222
410 0.318893
411 0.324267
412 0.322194
413 0.319441
414 0.319879
415 0.321439
416 0.321225
417 0.321513
418 0.319572
419 0.319697
420 0.322749
421 0.322736
422 0.317725
423 0.320298
424 0.318559
425 0.316155
426 0.319635
427 0.316565
428 0.317154
429 0.316423
430 0.31877
431 0.315816
432 0.31607
433 0.317293
434 0.320097
435 0.317557
436 0.313697
437 0.314137
438 0.316906
439 0.319686
440 0.317603
441 0.316407
442 0.316827
443 0.315548
444 0.318015
445 0.316991
446 0.314934
447 0.318864
448 0.316871
449 0.316694
450 0.317078
451 0.313878
452 0.314945
453 0.313611
454 0.316104
455 0.317618
456 0.31519
457 0.314845
458 0.312182
459 0.315451
460 0.315404
461 0.314988
462 0.314146
463 0.31563
464 0.314726
465 0.31827
466 0.318541
467 0.320545
468 0.316984
469 0.318653
470 0.319986
471 0.318495
472 0.31818
473 0.318322
474 0.31892
475 0.31897
476 0.319646
477 0.316924
478 0.317698
479 0.318024
480 0.318021
481 0.316169
482 0.316648
483 0.318501
484 0.318053
485 0.316718
486 0.319383
487 0.32022
488 0.314378
489 0.315209
490 0.318243
491 0.317513
492 0.316619
493 0.31503
494 0.315603
495 0.315151
496 0.316372
497 0.315159
498 0.316532
499 0.318272
500 0.314807
501 0.316435
502 0.315616
503 0.317071
504 0.319605
505 0.320485
506 0.317625
507 0.31805
508 0.317556
509 0.318449
510 0.315774
511 0.315537
512 0.316296
513 0.315921
514 0.315553
515 0.315574
516 0.316533
517 0.315418
518 0.316366
519 0.317351
520 0.319377
521 0.320078
522 0.317593
523 0.320815
524 0.318401
525 0.318398
526 0.320136
527 0.318245
528 0.317532
529 0.319185
530 0.314396
531 0.317
532 0.319045
533 0.317613
534 0.317201
535 0.315406
536 0.31708
537 0.316557
538 0.316386
539 0.312587
540 0.313694
541 0.31412
542 0.315231
543 0.313684
544 0.312503
545 0.311728
546 0.312912
547 0.313995
548 0.313335
549 0.312637
550 0.313812
551 0.312291
552 0.31395
553 0.311856
554 0.31405
555 0.312893
556 0.31559
557 0.310734
558 0.313766
559 0.313372
560 0.313643
561 0.313034
562 0.315255
563 0.313025
564 0.310852
565 0.31229
566 0.310495
567 0.310824
568 0.310944
569 0.309959
570 0.309801
571 0.306075
572 0.311144
573 0.310775
574 0.313047
575 0.310072
576 0.310541
577 0.313216
578 0.313847
579 0.312063
580 0.314123
581 0.314099
582 0.313217
583 0.312419
584 0.312435
585 0.313904
586 0.313586
587 0.313457
588 0.313708
589 0.311466
590 0.307935
591 0.312031
592 0.308347
593 0.313012
594 0.31216
595 0.311665
596 0.310872
597 0.312688
598 0.316016
599 0.313456
600 0.313715
601 0.312487
602 0.31136
603 0.312131
604 0.309934
605 0.30936
606 0.311237
607 0.309519
608 0.312144
609 0.31295
610 0.311955
611 0.311773
612 0.308953
613 0.313101
614 0.310653
615 0.310326
616 0.311502
617 0.310531
618 0.307688
619 0.310381
620 0.311325
621 0.310317
622 0.309208
623 0.309975
624 0.309032
625 0.307981
626 0.309577
627 0.310854
628 0.310126
629 0.314043
630 0.308669
631 0.309851
632 0.310124
633 0.311321
634 0.310252
635 0.313781
636 0.308847
637 0.310065
638 0.310776
639 0.31234
640 0.31327
641 0.309941
642 0.30949
643 0.310762
644 0.310692
645 0.310979
646 0.311318
647 0.310416
648 0.308491
649 0.308804
650 0.309831
651 0.308766
652 0.308304
653 0.310296
654 0.309826
655 0.30853
656 0.309607
657 0.308917
658 0.309531
659 0.306939
660 0.308235
661 0.30808
662 0.309322
663 0.309148
664 0.308192
665 0.307917
666 0.307444
667 0.30516
668 0.308376
669 0.30653
670 0.305805
671 0.303636
672 0.307584
673 0.307121
674 0.305591
675 0.306811
676 0.309217
677 0.305762
678 0.30873
679 0.307432
680 0.305746
681 0.302957
682 0.305874
683 0.304863
684 0.306791
685 0.306464
686 0.306628
687 0.30572
688 0.305255
689 0.306953
690 0.304642
691 0.306826
692 0.30669
693 0.306831
694 0.307564
695 0.303501
696 0.302316
697 0.302096
698 0.303171
699 0.303553
700 0.30435
701 0.303957
702 0.304365
703 0.303872
704 0.307479
705 0.306338
706 0.305446
707 0.305701
708 0.306079
709 0.305939
710 0.304713
711 0.301573
712 0.303586
713 0.303517
714 0.300783
715 0.301362
716 0.301683
717 0.29996
718 0.302231
719 0.297233
720 0.298341
721 0.298632
722 0.299101
723 0.301675
724 0.298738
725 0.299746
726 0.299479
727 0.299489
728 0.301311
729 0.30372
730 0.301326
731 0.300699
732 0.300994
733 0.298154
734 0.298774
735 0.299233
736 0.298541
737 0.300778
738 0.300082
739 0.298651
740 0.298594
741 0.298245
742 0.299003
743 0.2975
744 0.296831
745 0.297212
746 0.296704
747 0.298381
748 0.299094
749 0.299276
750 0.298162
751 0.296359
752 0.298068
753 0.298314
754 0.296393
755 0.295745
756 0.296221
757 0.297947
758 0.295639
759 0.29698
760 0.29817
761 0.299515
762 0.298932
763 0.296869
764 0.294807
765 0.296993
766 0.29438
767 0.29556
768 0.295131
769 0.29493
770 0.298776
771 0.297701
772 0.296023
773 0.295072
774 0.299028
775 0.297469
776 0.297227
777 0.296145
778 0.297786
779 0.299672
780 0.297612
781 0.298473
782 0.297306
783 0.301473
784 0.295689
785 0.296562
786 0.293791
787 0.295446
788 0.29618
789 0.29334
790 0.296302
791 0.295446
792 0.294329
793 0.297469
794 0.29893
795 0.296703
796 0.293409
797 0.29707
798 0.298975
799 0.296547
800 0.295124
801 0.295714
802 0.295382
803 0.293932
804 0.296665
805 0.294864
806 0.296338
807 0.298191
808 0.297049
809 0.295484
810 0.296908
811 0.297112
812 0.297911
813 0.294783
814 0.295068
815 0.295556
816 0.295095
817 0.293044
818 0.293315
819 0.298209
820 0.295917
821 0.296266
822 0.29509
823 0.295663
824 0.296794
825 0.297261
826 0.295834
827 0.295808
828 0.294546
829 0.294653
830 0.294233
831 0.294588
832 0.291411
833 0.290343
834 0.289738
835 0.289909
836 0.292506
837 0.293197
838 0.293214
839 0.293881
840 0.293126
841 0.292057
842 0.295348
843 0.294021
844 0.291914
845 0.292811
846 0.294394
847 0.292227
848 0.292927
849 0.291912
850 0.290725
851 0.291314
852 0.292902
853 0.29098
854 0.291026
855 0.28959
856 0.291396
857 0.28996
858 0.294644
859 0.29186
860 0.292445
861 0.291251
862 0.291176
863 0.29141
864 0.290149
865 0.291958
866 0.290924
867 0.28954
868 0.288256
869 0.287913
870 0.289388
871 0.289709
872 0.288022
873 0.288536
874 0.28916
875 0.288604
876 0.288547
877 0.288843
878 0.288973
879 0.29005
880 0.290154
881 0.288416
882 0.288078
883 0.288372
884 0.283801
885 0.287319
886 0.286401
887 0.288623
888 0.289162
889 0.285285
890 0.286912
891 0.287641
892 0.287521
893 0.28772
894 0.286594
895 0.285589
896 0.28888
897 0.285477
898 0.288725
899 0.285995
