000 0.957157
001 0.957794
002 0.95836
003 0.956913
004 0.956145
005 0.955056
006 0.953844
007 0.952573
008 0.952119
009 0.949491
010 0.952338
011 0.95256
012 0.949546
013 0.948432
014 0.948799
015 0.945867
016 0.945441
017 0.943522
018 0.940921
019 0.938906
020 0.941472
021 0.939837
022 0.940078
023 0.938761
024 0.938355
025 0.936734
026 0.938039
027 0.93471
028 0.933714
029 0.931304
030 0.931877
031 0.927412
032 0.9259
033 0.922866
034 0.921252
035 0.915698
036 0.916442
037 0.911448
038 0.912849
039 0.910324
040 0.907786
041 0.907955
042 0.904446
043 0.903695
044 0.896917
045 0.898544
046 0.895859
047 0.902202
048 0.899139
049 0.898404
050 0.893732
051 0.893449
052 0.888426
053 0.888426
054 0.884603
055 0.881216
056 0.881626
057 0.874921
058 0.873159
059 0.870316
060 0.868707
061 0.868827
062 0.862944
063 0.864973
064 0.863178
065 0.85863
066 0.859008
067 0.855088
068 0.85661
069 0.85395
070 0.852002
071 0.849714
072 0.848873
073 0.845012
074 0.839931
075 0.839613
076 0.837797
077 0.839138
078 0.830893
079 0.826087
080 0.828231
081 0.823741
082 0.819536
083 0.81636
084 0.81338
085 0.80929
086 0.811202
087 0.807825
088 0.802843
089 0.798355
090 0.794219
091 0.796139
092 0.792157
093 0.793324
094 0.785774
095 0.787526
096 0.778997
097 0.783374
098 0.783634
099 0.774721
100 0.775777
101 0.772135
102 0.767277
103 0.765016
104 0.764727
105 0.762154
106 0.759033
107 0.760148
108 0.756828
109 0.754346
110 0.750844
111 0.746328
112 0.743587
113 0.745051
114 0.737981
115 0.740231
116 0.737088
117 0.733409
118 0.730993
119 0.725157
120 0.721528
121 0.725505
122 0.721698
123 0.718263
124 0.714486
125 0.712371
126 0.709656
127 0.705809
128 0.6985
129 0.700997
130 0.693951
131 0.691199
132 0.686017
133 0.683185
134 0.678746
135 0.673604
136 0.673368
137 0.670215
138 0.668674
139 0.671305
140 0.662368
141 0.655535
142 0.653089
143 0.643844
144 0.638489
145 0.643134
146 0.637288
147 0.635315
148 0.625303
149 0.628262
150 0.633206
151 0.621849
152 0.619952
153 0.611896
154 0.612612
155 0.608548
156 0.60488
157 0.604274
158 0.601019
159 0.598715
160 0.595287
161 0.593462
162 0.591627
163 0.589591
164 0.581949
165 0.584072
166 0.578955
167 0.577245
168 0.574039
169 0.568406
170 0.559418
171 0.561783
172 0.552948
173 0.546634
174 0.540876
175 0.538595
176 0.533766
177 0.529042
178 0.524887
179 0.521477
180 0.512357
181 0.517352
182 0.513793
183 0.513883
184 0.509366
185 0.504746
186 0.504026
187 0.496636
188 0.487586
189 0.489296
190 0.489841
191 0.486449
192 0.479644
193 0.474289
194 0.473804
195 0.469086
196 0.464962
197 0.466629
198 0.468561
199 0.460821
200 0.454411
201 0.460837
202 0.454255
203 0.451015
204 0.455092
205 0.447776
206 0.444524
207 0.437513
208 0.435008
209 0.434032
210 0.433208
211 0.433526
212 0.425152
213 0.418984
214 0.421812
215 0.416193
216 0.409293
217 0.401652
218 0.407072
219 0.400598
220 0.394746
221 0.394895
222 0.397161
223 0.391651
224 0.392783
225 0.393562
226 0.384177
227 0.38234
228 0.379814
229 0.375756
230 0.37002
231 0.369944
232 0.366485
233 0.362283
234 0.366645
235 0.364978
236 0.359952
237 0.353735
238 0.354761
239 0.348967
240 0.347771
241 0.345129
242 0.339455
243 0.346326
244 0.340244
245 0.331973
246 0.327578
247 0.329579
248 0.32622
249 0.324772
250 0.319401
251 0.320084
252 0.311957
253 0.318861
254 0.307242
255 0.305079
256 0.305482
257 0.301719
258 0.301352
259 0.297643
260 0.302283
261 0.301227
262 0.300607
263 0.294361
264 0.300409
265 0.296982
266 0.293884
267 0.289873
268 0.286682
269 0.284773
270 0.288025
271 0.288789
272 0.293328
273 0.286909
274 0.283797
275 0.280703
276 0.28496
277 0.280386
278 0.280325
279 0.2796
280 0.271075
281 0.279926
282 0.269047
283 0.269592
284 0.269849
285 0.272583
286 0.265434
287 0.258905
288 0.260695
289 0.26157
290 0.266132
291 0.254258
292 0.255508
293 0.253586
294 0.250483
295 0.243794
296 0.242791
297 0.243496
298 0.241584
299 0.247337
300 0.237767
301 0.237186
302 0.239167
303 0.232192
304 0.236141
305 0.236635
306 0.231876
307 0.233462
308 0.231414
309 0.235991
310 0.234322
311 0.230625
312 0.234735
313 0.235703
314 0.23233
315 0.226366
316 0.224991
317 0.227912
318 0.223693
319 0.222838
320 0.22175
321 0.221672
322 0.223718
323 0.219251
324 0.219334
325 0.217557
326 0.217234
327 0.211757
328 0.209673
329 0.208426
330 0.207006
331 0.207414
332 0.208628
333 0.204606
334 0.208812
335 0.203901
336 0.202176
337 0.201285
338 0.204817
339 0.201472
340 0.204913
341 0.205085
342 0.208483
343 0.199763
344 0.205666
345 0.20394
346 0.202719
347 0.204365
348 0.198337
349 0.204623
350 0.197674
351 0.200089
352 0.197841
353 0.195528
354 0.198048
355 0.197517
356 0.197321
357 0.19725
358 0.193
359 0.194024
360 0.194862
361 0.193941
362 0.193612
363 0.191069
364 0.189891
365 0.190587
366 0.185198
367 0.183733
368 0.184897
369 0.186085
370 0.185042
371 0.180868
372 0.185404
373 0.182683
374 0.184549
375 0.17898
376 0.184842
377 0.180728
378 0.17634
379 0.173418
380 0.178449
381 0.172549
382 0.173227
383 0.176707
384 0.170299
385 0.176485
386 0.172848
387 0.17268
388 0.172891
389 0.176333
390 0.174637
391 0.17233
392 0.174135
393 0.169978
394 0.175061
395 0.169476
396 0.166518
397 0.161809
398 0.166658
399 0.162389
400 0.167932
401 0.168015
402 0.170091
403 0.170902
404 0.167676
405 0.16254
406 0.164808
407 0.16882
408 0.167408
409 0.163595
410 0.161798
411 0.156698
412 0.155891
413 0.155905
414 0.15204
415 0.153236
416 0.158255
417 0.159298
418 0.156069
419 0.153435
420 0.153064
421 0.149886
422 0.154304
423 0.159454
424 0.156152
425 0.1555
426 0.151192
427 0.161036
428 0.156193
429 0.152691
430 0.145601
431 0.15198
432 0.148299
433 0.150933
434 0.14826
435 0.152552
436 0.152953
437 0.150957
438 0.149535
439 0.148117
440 0.148384
441 0.150196
442 0.151844
443 0.147422
444 0.144128
445 0.144995
446 0.147645
447 0.145137
448 0.143788
449 0.144042
450 0.141431
451 0.145096
452 0.144191
453 0.143334
454 0.139147
455 0.136556
456 0.141898
457 0.140251
458 0.144487
459 0.141646
460 0.145027
461 0.142267
462 0.142957
463 0.138644
464 0.138159
465 0.135819
466 0.136709
467 0.137909
468 0.136772
469 0.137083
470 0.134167
471 0.135825
472 0.134746
473 0.129543
474 0.13141
475 0.127181
476 0.127005
477 0.131807
478 0.132461
479 0.128045
480 0.130947
481 0.128833
482 0.128399
483 0.128416
484 0.126325
485 0.128003
486 0.125648
487 0.127359
488 0.128507
489 0.126004
490 0.124545
491 0.122374
492 0.122636
493 0.125743
494 0.127268
495 0.128157
496 0.122967
497 0.125125
498 0.123542
499 0.121584
500 0.122865
501 0.122327
502 0.123439
503 0.123366
504 0.125006
505 0.119826
506 0.122547
507 0.117321
508 0.121147
509 0.12253
510 0.127578
511 0.124888
512 0.121987
513 0.122653
514 0.120189
515 0.120273
516 0.120315
517 0.119652
518 0.120206
519 0.119419
520 0.11524
521 0.114546
522 0.114802
523 0.112913
524 0.112973
525 0.111261
526 0.108614
527 0.113034
528 0.108611
529 0.109865
530 0.112827
531 0.11415
532 0.11201
533 0.112546
534 0.109929
535 0.108864
536 0.106342
537 0.110196
538 0.110173
539 0.112816
540 0.1111
541 0.112629
542 0.111067
543 0.114344
544 0.115041
545 0.113278
546 0.10911
547 0.110247
548 0.109976
549 0.108192
550 0.110284
551 0.1114
552 0.1075
553 0.109917
554 0.1033
555 0.10746
556 0.110161
557 0.105745
558 0.104572
559 0.106008
560 0.105216
561 0.104995
562 0.101969
563 0.102359
564 0.106119
565 0.102778
566 0.104952
567 0.105432
568 0.107188
569 0.109218
570 0.10702
571 0.106596
572 0.103698
573 0.10279
574 0.101784
575 0.105427
576 0.102514
577 0.102555
578 0.103866
579 0.103355
580 0.10807
581 0.103717
582 0.102793
583 0.102975
584 0.103596
585 0.108693
586 0.103963
587 0.107254
588 0.103421
589 0.10419
590 0.109245
591 0.105261
592 0.104634
593 0.103255
594 0.10407
595 0.103088
596 0.104324
597 0.101911
598 0.099055
599 0.0993702
600 0.0989258
601 0.0946068
602 0.100361
603 0.0947611
604 0.0993391
605 0.0986628
606 0.0958575
607 0.0965903
608 0.0956787
609 0.09775
610 0.0982993
611 0.0966985
612 0.0976719
613 0.0977725
614 0.0957856
615 0.0965114
616 0.0940994
617 0.0910091
618 0.096468
619 0.0923092
620 0.0920062
621 0.0936797
622 0.0903316
623 0.0913784
624 0.0924694
625 0.0924092
626 0.0939735
627 0.093872
628 0.0954618
629 0.0948526
630 0.0920408
631 0.0903587
632 0.0919035
633 0.092651
634 0.0939249
635 0.0863586
636 0.089972
637 0.0903355
638 0.0902948
639 0.0895552
640 0.0902854
641 0.0930023
642 0.0913925
643 0.0918582
644 0.091383
645 0.0946609
646 0.0937156
647 0.0948674
648 0.0962435
649 0.0955727
650 0.0900788
651 0.0894668
652 0.0938098
653 0.0925665
654 0.092161
655 0.0933259
656 0.0926905
657 0.0905793
658 0.0932971
659 0.0919001
660 0.0903727
661 0.0895289
662 0.0913621
663 0.086634
664 0.0846886
665 0.0893091
666 0.088302
667 0.0890639
668 0.0853234
669 0.0861044
670 0.0890459
671 0.0861616
672 0.0854287
673 0.0856566
674 0.0860513
675 0.0857778
676 0.0846352
677 0.08731
678 0.0822471
679 0.0828459
680 0.082862
681 0.0834719
682 0.083085
683 0.0853093
684 0.081848
685 0.078946
686 0.080519
687 0.0840022
688 0.0841334
689 0.0801011
690 0.0822852
691 0.0800788
692 0.0809896
693 0.0818787
694 0.0796773
695 0.084603
696 0.082404
697 0.0784542
698 0.0797127
699 0.0810387
700 0.0766048
701 0.0795982
702 0.0782134
703 0.0760314
704 0.0788769
705 0.0766857
706 0.0795121
707 0.0806689
708 0.0798379
709 0.0789487
710 0.0787222
711 0.0805138
712 0.0825061
713 0.0820194
714 0.0818802
715 0.0840128
716 0.080853
717 0.0804302
718 0.0802004
719 0.0805301
720 0.0826166
721 0.0826241
722 0.0833037
723 0.0773604
724 0.0806165
725 0.0806697
726 0.0816853
727 0.0776434
728 0.0809333
729 0.0787254
730 0.0773764
731 0.0773285
732 0.0760341
733 0.0783041
734 0.0785471
735 0.0803984
736 0.0771264
737 0.0754487
738 0.0755938
739 0.0779333
740 0.0770681
741 0.0752118
742 0.0746742
743 0.0765306
744 0.0787365
745 0.0794607
746 0.0762647
747 0.0758424
748 0.0729782
749 0.0735189
750 0.0757753
751 0.0752228
752 0.0747973
753 0.0753679
754 0.0743405
755 0.076313
756 0.0768093
757 0.075623
758 0.0778883
759 0.0776882
760 0.0744404
761 0.0775312
762 0.0724838
763 0.0727077
764 0.0741499
765 0.0740817
766 0.0744915
767 0.0730708
768 0.0747822
769 0.0752034
770 0.0734142
771 0.0726975
772 0.0781002
773 0.0764374
774 0.0762027
775 0.0765533
776 0.076229
777 0.0778762
778 0.0746131
779 0.0750333
780 0.0736745
781 0.0740931
782 0.0737629
783 0.0738468
784 0.073307
785 0.0720369
786 0.0727674
787 0.0734124
788 0.0734683
789 0.0740266
790 0.0720596
791 0.0701827
792 0.0737237
793 0.0736196
794 0.068687
795 0.0666016
796 0.0738929
797 0.0690419
798 0.0676351
799 0.068845
800 0.0699928
801 0.0695827
802 0.0701002
803 0.0719855
804 0.0712885
805 0.0732261
806 0.0701392
807 0.0689442
808 0.0678141
809 0.0695226
810 0.0707686
811 0.0679481
812 0.072066
813 0.0739669
814 0.0712109
815 0.0676072
816 0.0712849
817 0.0713144
818 0.0699423
819 0.0690954
820 0.0701303
821 0.0693278
822 0.0729075
823 0.0688621
824 0.0706308
825 0.0680103
826 0.0715653
827 0.0667804
828 0.0696304
829 0.0672694
830 0.0680307
831 0.0661856
832 0.066361
833 0.0684585
834 0.0659341
835 0.0658322
836 0.0693793
837 0.068082
838 0.067808
839 0.0668216
840 0.0664149
841 0.0675801
842 0.0657359
843 0.0652521
844 0.0684246
845 0.0683227
846 0.0671661
847 0.0702915
848 0.0664946
849 0.0656957
850 0.0673121
851 0.0683412
852 0.0638177
853 0.0623456
854 0.0675927
855 0.0691928
856 0.0677809
857 0.0698586
858 0.0700031
859 0.0659539
860 0.0659511
861 0.0673152
862 0.0709341
863 0.0692455
864 0.0673634
865 0.0650634
866 0.067499
867 0.067163
868 0.0688835
869 0.0682596
870 0.0657888
871 0.062924
872 0.0664147
873 0.0634986
874 0.0666218
875 0.0692153
876 0.0680853
877 0.0655967
878 0.0670849
879 0.0663001
880 0.0693013
881 0.0689048
882 0.0689458
883 0.070646
884 0.0679386
885 0.0676746
886 0.0682006
887 0.0681795
888 0.066023
889 0.0666598
890 0.0644543
891 0.0670608
892 0.0654777
893 0.064715
894 0.0643892
895 0.0662354
896 0.0647605
897 0.0637217
898 0.0640116
899 0.0669735
