000 0.00956835
001 0.00901379
002 0.00895317
003 0.00927447
004 0.0095752
005 0.00995236
006 0.0102041
007 0.0102689
008 0.0100636
009 0.0111363
010 0.0101453
011 0.0100903
012 0.0105664
013 0.0104508
014 0.010768
015 0.0111652
016 0.0111129
017 0.0120571
018 0.0126522
019 0.0126529
020 0.0117902
021 0.0128694
022 0.0124286
023 0.0128923
024 0.0127743
025 0.0128964
026 0.0128469
027 0.01347
028 0.0135742
029 0.0138764
030 0.0142473
031 0.0152873
032 0.0147882
033 0.0166192
034 0.0167615
035 0.0176533
036 0.0178109
037 0.0194846
038 0.0181148
039 0.0194764
040 0.0196771
041 0.0196109
042 0.0203856
043 0.0206104
044 0.0215547
045 0.0217896
046 0.0226853
047 0.0214395
048 0.0224547
049 0.0226768
050 0.0244301
051 0.0250554
052 0.0258652
053 0.0259953
054 0.0266786
055 0.0274442
056 0.0287127
057 0.029588
058 0.0302377
059 0.0307895
060 0.0317569
061 0.0323584
062 0.0339742
063 0.0333087
064 0.0339019
065 0.0349614
066 0.0350111
067 0.0360706
068 0.0358737
069 0.0378142
070 0.0383543
071 0.0387666
072 0.0392764
073 0.0392321
074 0.0404761
075 0.0403454
076 0.0427126
077 0.041366
078 0.044133
079 0.0467705
080 0.0455543
081 0.047629
082 0.0490227
083 0.0499556
084 0.0503181
085 0.0523538
086 0.0514146
087 0.0536983
088 0.0556514
089 0.0569842
090 0.0583839
091 0.058642
092 0.0588235
093 0.0599486
094 0.0623755
095 0.0614823
096 0.0629049
097 0.0628037
098 0.0628327
099 0.0651561
100 0.0660402
101 0.0661696
102 0.067908
103 0.0691006
104 0.0701379
105 0.0725562
106 0.0720042
107 0.0711907
108 0.0717444
109 0.0741126
110 0.0756608
111 0.0765997
112 0.0783051
113 0.0776724
114 0.0791363
115 0.0792974
116 0.0797568
117 0.0812422
118 0.0829953
119 0.0850137
120 0.08807
121 0.0868844
122 0.0864607
123 0.0871078
124 0.0893432
125 0.0899034
126 0.093606
127 0.0952998
128 0.0977838
129 0.0981614
130 0.100098
131 0.10124
132 0.103484
133 0.103371
134 0.105698
135 0.10847
136 0.108912
137 0.110655
138 0.112899
139 0.112715
140 0.114616
141 0.118641
142 0.120491
143 0.123428
144 0.126464
145 0.125575
146 0.128386
147 0.130145
148 0.133488
149 0.133906
150 0.13274
151 0.136519
152 0.138335
153 0.141944
154 0.141023
155 0.142056
156 0.144284
157 0.145469
158 0.147565
159 0.147585
160 0.149002
161 0.153102
162 0.152935
163 0.153878
164 0.156564
165 0.154769
166 0.15745
167 0.158642
168 0.161012
169 0.162629
170 0.168811
171 0.168137
172 0.171241
173 0.17392
174 0.178639
175 0.179327
176 0.180389
177 0.181916
178 0.184523
179 0.186665
180 0.191074
181 0.18868
182 0.189689
183 0.189567
184 0.193998
185 0.194172
186 0.195373
187 0.198247
188 0.202804
189 0.203334
190 0.202118
191 0.20326
192 0.206361
193 0.210061
194 0.211695
195 0.21467
196 0.218704
197 0.215575
198 0.216995
199 0.219832
200 0.220239
201 0.222092
202 0.22352
203 0.225406
204 0.224898
205 0.227509
206 0.229094
207 0.232764
208 0.234114
209 0.234174
210 0.234813
211 0.236183
212 0.238821
213 0.243175
214 0.242943
215 0.246497
216 0.250101
217 0.253901
218 0.25485
219 0.257089
220 0.262592
221 0.260955
222 0.26038
223 0.266165
224 0.262813
225 0.263601
226 0.268582
227 0.269492
228 0.269006
229 0.273397
230 0.275475
231 0.277219
232 0.277408
233 0.280329
234 0.276497
235 0.276894
236 0.278334
237 0.283219
238 0.28404
239 0.28529
240 0.287372
241 0.289183
242 0.292262
243 0.291484
244 0.292606
245 0.298171
246 0.301124
247 0.29901
248 0.299748
249 0.302047
250 0.303225
251 0.307819
252 0.310209
253 0.306628
254 0.312444
255 0.312835
256 0.315976
257 0.318259
258 0.320212
259 0.320263
260 0.319292
261 0.319756
262 0.321944
263 0.322831
264 0.322048
265 0.323474
266 0.322824
267 0.325554
268 0.326463
269 0.328073
270 0.326896
271 0.324236
272 0.324103
273 0.329716
274 0.330483
275 0.33335
276 0.332719
277 0.336155
278 0.33624
279 0.336087
280 0.341533
281 0.336689
282 0.34284
283 0.344529
284 0.34478
285 0.343249
286 0.346407
287 0.348447
288 0.347643
289 0.347785
290 0.34715
291 0.354922
292 0.352691
293 0.356168
294 0.358357
295 0.358753
296 0.358438
297 0.361082
298 0.363069
299 0.35934
300 0.364055
301 0.36471
302 0.365981
303 0.365142
304 0.370011
305 0.36922
306 0.368757
307 0.371014
308 0.369826
309 0.373202
310 0.370391
311 0.37555
312 0.373892
313 0.371658
314 0.373787
315 0.376319
316 0.37809
317 0.376486
318 0.378697
319 0.380311
320 0.382035
321 0.37921
322 0.379727
323 0.383789
324 0.384009
325 0.384315
326 0.385574
327 0.390982
328 0.391347
329 0.39287
330 0.392817
331 0.394294
332 0.393141
333 0.396439
334 0.391869
335 0.39521
336 0.396538
337 0.394315
338 0.395341
339 0.397214
340 0.394899
341 0.395606
342 0.397287
343 0.399822
344 0.398746
345 0.39798
346 0.396095
347 0.398782
348 0.400831
349 0.399623
350 0.401113
351 0.399584
352 0.400436
353 0.401988
354 0.401546
355 0.404172
356 0.404962
357 0.405124
358 0.405929
359 0.403683
360 0.403682
361 0.405603
362 0.40612
363 0.408109
364 0.409744
365 0.408719
366 0.413969
367 0.415476
368 0.414211
369 0.414342
370 0.414503
371 0.416625
372 0.413715
373 0.417228
374 0.417252
375 0.418512
376 0.417319
377 0.418955
378 0.420521
379 0.424483
380 0.424028
381 0.426756
382 0.423338
383 0.425443
384 0.42867
385 0.424989
386 0.428352
387 0.425736
388 0.423201
389 0.425315
390 0.421924
391 0.42636
392 0.426113
393 0.429576
394 0.429456
395 0.431
396 0.43231
397 0.434636
398 0.4322
399 0.434096
400 0.434222
401 0.434685
402 0.434187
403 0.431862
404 0.434211
405 0.437599
406 0.43539
407 0.432843
408 0.436666
409 0.438912
410 0.44044
411 0.440066
412 0.441392
413 0.442936
414 0.448395
415 0.447022
416 0.443799
417 0.441296
418 0.446003
419 0.448764
420 0.446787
421 0.449013
422 0.450721
423 0.444913
424 0.446965
425 0.449207
426 0.450652
427 0.446594
428 0.4496
429 0.451855
430 0.453573
431 0.451108
432 0.454509
433 0.450908
434 0.450241
435 0.448926
436 0.450174
437 0.453317
438 0.451488
439 0.451506
440 0.453406
441 0.452579
442 0.451948
443 0.456052
444 0.455485
445 0.455572
446 0.455319
447 0.455748
448 0.459017
449 0.459693
450 0.460794
451 0.462358
452 0.462165
453 0.463818
454 0.464753
455 0.46428
456 0.463953
457 0.463645
458 0.466331
459 0.463629
460 0.460381
461 0.462878
462 0.462779
463 0.465364
464 0.464378
465 0.467611
466 0.466319
467 0.465312
468 0.467309
469 0.468184
470 0.468393
471 0.468562
472 0.469453
473 0.470705
474 0.4686
475 0.475125
476 0.475597
477 0.475012
478 0.472791
479 0.475743
480 0.474571
481 0.476117
482 0.477059
483 0.476034
484 0.47917
485 0.478317
486 0.481395
487 0.477234
488 0.481578
489 0.482466
490 0.481877
491 0.483056
492 0.482562
493 0.482504
494 0.480259
495 0.479589
496 0.483438
497 0.483273
498 0.483348
499 0.483742
500 0.484885
501 0.485569
502 0.483465
503 0.483887
504 0.482352
505 0.484448
506 0.485553
507 0.488563
508 0.486434
509 0.483586
510 0.482249
511 0.483185
512 0.484802
513 0.483869
514 0.487338
515 0.488526
516 0.487599
517 0.488916
518 0.488624
519 0.489462
520 0.490309
521 0.490446
522 0.494172
523 0.491616
524 0.494482
525 0.497519
526 0.497122
527 0.491948
528 0.49585
529 0.495721
530 0.497377
531 0.494
532 0.492256
533 0.494543
534 0.496454
535 0.498377
536 0.496859
537 0.496455
538 0.497927
539 0.498206
540 0.498927
541 0.496798
542 0.499625
543 0.500875
544 0.499875
545 0.503626
546 0.504789
547 0.503688
548 0.504784
549 0.506444
550 0.503498
551 0.503427
552 0.5045
553 0.506598
554 0.50955
555 0.506791
556 0.504074
557 0.509425
558 0.509023
559 0.506379
560 0.505486
561 0.507675
562 0.506948
563 0.510046
564 0.508681
565 0.510939
566 0.511127
567 0.511598
568 0.50844
569 0.509448
570 0.511983
571 0.514813
572 0.513293
573 0.515403
574 0.514016
575 0.515068
576 0.517069
577 0.513526
578 0.512877
579 0.51458
580 0.511087
581 0.515737
582 0.517207
583 0.515324
584 0.516235
585 0.510231
586 0.514773
587 0.512656
588 0.514657
589 0.516087
590 0.514324
591 0.512901
592 0.516463
593 0.515179
594 0.516904
595 0.516189
596 0.514871
597 0.51676
598 0.516576
599 0.517695
600 0.517712
601 0.522463
602 0.518097
603 0.521837
604 0.52133
605 0.52146
606 0.523414
607 0.521798
608 0.521556
609 0.52
610 0.522119
611 0.52405
612 0.52458
613 0.522001
614 0.526321
615 0.52614
616 0.524461
617 0.529103
618 0.528101
619 0.530253
620 0.527203
621 0.529203
622 0.533187
623 0.529875
624 0.530898
625 0.532453
626 0.528932
627 0.529288
628 0.528189
629 0.526287
630 0.531697
631 0.533197
632 0.531542
633 0.529341
634 0.528577
635 0.529753
636 0.530725
637 0.530145
638 0.528605
639 0.52971
640 0.527541
641 0.52753
642 0.530397
643 0.530117
644 0.531555
645 0.528398
646 0.52832
647 0.528827
648 0.530368
649 0.529917
650 0.532644
651 0.534491
652 0.531253
653 0.53104
654 0.532637
655 0.530949
656 0.531862
657 0.533602
658 0.530545
659 0.534948
660 0.534218
661 0.535761
662 0.531863
663 0.537363
664 0.538039
665 0.536157
666 0.538632
667 0.539332
668 0.540011
669 0.539299
670 0.539475
671 0.545253
672 0.538827
673 0.539697
674 0.541211
675 0.541829
676 0.541028
677 0.54007
678 0.541881
679 0.542759
680 0.543325
681 0.547076
682 0.542704
683 0.541368
684 0.54254
685 0.544914
686 0.544046
687 0.541824
688 0.541081
689 0.544324
690 0.544527
691 0.542919
692 0.542691
693 0.542327
694 0.542915
695 0.541267
696 0.54539
697 0.548623
698 0.547873
699 0.545961
700 0.549455
701 0.548809
702 0.549161
703 0.554037
704 0.547897
705 0.548687
706 0.548841
707 0.549329
708 0.548835
709 0.548143
710 0.549284
711 0.550346
712 0.547609
713 0.546897
714 0.549356
715 0.548185
716 0.54975
717 0.552055
718 0.548601
719 0.55415
720 0.552008
721 0.551266
722 0.54952
723 0.551117
724 0.549815
725 0.550279
726 0.551667
727 0.553728
728 0.550893
729 0.549248
730 0.55205
731 0.555235
732 0.55439
733 0.556243
734 0.55685
735 0.553895
736 0.556917
737 0.556714
738 0.557039
739 0.556325
740 0.557355
741 0.55771
742 0.55722
743 0.556276
744 0.555289
745 0.554846
746 0.558001
747 0.555126
748 0.558668
749 0.558224
750 0.558079
751 0.560835
752 0.556264
753 0.557112
754 0.559722
755 0.559052
756 0.558882
757 0.557955
758 0.559653
759 0.557182
760 0.55815
761 0.552818
762 0.556356
763 0.558586
764 0.562014
765 0.559147
766 0.559967
767 0.561165
768 0.559559
769 0.556812
770 0.556597
771 0.557723
772 0.556682
773 0.558522
774 0.555732
775 0.555357
776 0.556416
777 0.557729
778 0.55883
779 0.555482
780 0.557084
781 0.55662
782 0.558088
783 0.555181
784 0.561337
785 0.560544
786 0.564679
787 0.56122
788 0.559703
789 0.564139
790 0.562096
791 0.564034
792 0.562696
793 0.560447
794 0.564828
795 0.565575
796 0.565294
797 0.563816
798 0.564982
799 0.564889
800 0.566746
801 0.569093
802 0.565606
803 0.566951
804 0.56623
805 0.564356
806 0.565085
807 0.566497
808 0.568925
809 0.568206
810 0.565426
811 0.567974
812 0.562755
813 0.564256
814 0.566124
815 0.568817
816 0.567029
817 0.567885
818 0.568191
819 0.566283
820 0.567273
821 0.566933
822 0.567976
823 0.568733
824 0.56546
825 0.568165
826 0.566313
827 0.568874
828 0.568726
829 0.568897
830 0.569963
831 0.569227
832 0.573857
833 0.572586
834 0.573647
835 0.574873
836 0.568736
837 0.569451
838 0.569722
839 0.57134
840 0.570372
841 0.570568
842 0.568801
843 0.570222
844 0.570669
845 0.567806
846 0.568949
847 0.568483
848 0.571089
849 0.572513
850 0.571406
851 0.571952
852 0.573122
853 0.575371
854 0.571465
855 0.571304
856 0.572269
857 0.570375
858 0.56778
859 0.572823
860 0.572453
861 0.570704
862 0.571192
863 0.570099
864 0.571554
865 0.572278
866 0.573042
867 0.573548
868 0.574391
869 0.574116
870 0.572502
871 0.574499
872 0.574542
873 0.57671
874 0.572109
875 0.571672
876 0.575903
877 0.57489
878 0.57608
879 0.57486
880 0.572331
881 0.573671
882 0.575897
883 0.573282
884 0.580218
885 0.575882
886 0.578438
887 0.577246
888 0.577754
889 0.579945
890 0.582522
891 0.578497
892 0.579553
893 0.579793
894 0.580797
895 0.580595
896 0.578226
897 0.58262
898 0.578539
899 0.579282
