000 0.0187067
001 0.0187169
002 0.0180123
003 0.0195559
004 0.0192562
005 0.0202753
006 0.019245
007 0.0210671
008 0.0213453
009 0.0217449
010 0.0219287
011 0.0214486
012 0.0230347
013 0.0233822
014 0.0235418
015 0.0252408
016 0.0247129
017 0.0252247
018 0.0264161
019 0.026894
020 0.0269113
021 0.0261095
022 0.0271843
023 0.0272112
024 0.0281459
025 0.0295455
026 0.0279144
027 0.0291585
028 0.0298421
029 0.0313934
030 0.0309746
031 0.0315762
032 0.0331678
033 0.0328163
034 0.032996
035 0.0357294
036 0.0367845
037 0.0360651
038 0.0363876
039 0.0371055
040 0.0379299
041 0.0384838
042 0.0399284
043 0.0396922
044 0.0415283
045 0.0397278
046 0.0414666
047 0.0383905
048 0.0393618
049 0.0389047
050 0.0374631
051 0.037504
052 0.0399831
053 0.0404429
054 0.0423069
055 0.0420354
056 0.042175
057 0.0439353
058 0.0442259
059 0.0444737
060 0.0440278
061 0.0442688
062 0.0460363
063 0.0456941
064 0.0452025
065 0.046843
066 0.0472254
067 0.0488292
068 0.0471138
069 0.0475965
070 0.0463513
071 0.0470137
072 0.0468275
073 0.0500367
074 0.0506475
075 0.0524333
076 0.0496829
077 0.0525573
078 0.053493
079 0.0525711
080 0.0537039
081 0.0528515
082 0.0538309
083 0.0552279
084 0.0573574
085 0.056168
086 0.0576261
087 0.0534371
088 0.0542927
089 0.0547845
090 0.0571294
091 0.0553463
092 0.056366
093 0.0541319
094 0.0571863
095 0.0558455
096 0.0571055
097 0.0556978
098 0.0567269
099 0.058369
100 0.0574263
101 0.0578788
102 0.0600323
103 0.0581845
104 0.0580217
105 0.0560376
106 0.0585391
107 0.0610429
108 0.0612351
109 0.0617258
110 0.0621592
111 0.063366
112 0.0620002
113 0.064701
114 0.0662851
115 0.0656308
116 0.0666112
117 0.067192
118 0.0677067
119 0.0667669
120 0.0664168
121 0.0663038
122 0.0688887
123 0.0700187
124 0.070717
125 0.0708424
126 0.0674087
127 0.0693372
128 0.0705351
129 0.0686091
130 0.0685812
131 0.0691873
132 0.0720702
133 0.0729313
134 0.0754393
135 0.0745796
136 0.0739378
137 0.0731644
138 0.0719439
139 0.0724261
140 0.0738554
141 0.0735286
142 0.0733313
143 0.0743673
144 0.0740126
145 0.0716835
146 0.0737912
147 0.0730093
148 0.0744642
149 0.0738919
150 0.0714434
151 0.073812
152 0.0734793
153 0.0755077
154 0.0732185
155 0.0735483
156 0.075359
157 0.0751287
158 0.0740912
159 0.0752826
160 0.0768677
161 0.0770656
162 0.0765955
163 0.0731995
164 0.0753333
165 0.0775893
166 0.0762417
167 0.0749116
168 0.0746805
169 0.0762178
170 0.0770801
171 0.0763935
172 0.0771781
173 0.0771274
174 0.0760264
175 0.078264
176 0.0796284
177 0.0812261
178 0.0823272
179 0.0828997
180 0.0811887
181 0.0802797
182 0.0818418
183 0.0840649
184 0.0812535
185 0.0835375
186 0.0845903
187 0.0862807
188 0.0858017
189 0.083036
190 0.086062
191 0.0853286
192 0.086056
193 0.0862113
194 0.0822133
195 0.0825888
196 0.0832699
197 0.0835155
198 0.0804949
199 0.0827938
200 0.0860412
201 0.082145
202 0.0837186
203 0.0851443
204 0.0842668
205 0.0842513
206 0.0877524
207 0.088316
208 0.0863514
209 0.087771
210 0.0854835
211 0.0848291
212 0.0867378
213 0.0863287
214 0.0851442
215 0.086802
216 0.0880745
217 0.0895318
218 0.082316
219 0.0834515
220 0.0837585
221 0.0855699
222 0.0822814
223 0.0819242
224 0.0835055
225 0.0839714
226 0.0840514
227 0.0836651
228 0.0847449
229 0.0865268
230 0.0879464
231 0.0856309
232 0.0882709
233 0.087606
234 0.089492
235 0.0882353
236 0.0887166
237 0.0914536
238 0.089583
239 0.0873552
240 0.0862771
241 0.0869106
242 0.0889012
243 0.0871733
244 0.0866422
245 0.0876026
246 0.0878928
247 0.0880889
248 0.0896829
249 0.0882914
250 0.0884156
251 0.0861033
252 0.0897513
253 0.0869849
254 0.0897769
255 0.0910683
256 0.0882015
257 0.0908955
258 0.0866637
259 0.0879378
260 0.0858408
261 0.087179
262 0.0863921
263 0.0896919
264 0.0889011
265 0.0872423
266 0.0880159
267 0.0883304
268 0.0881753
269 0.0912451
270 0.0899861
271 0.0929157
272 0.0897385
273 0.0884022
274 0.087605
275 0.0889232
276 0.08999
277 0.0890305
278 0.0881092
279 0.0877918
280 0.0883334
281 0.0885578
282 0.0859095
283 0.0858337
284 0.0855498
285 0.0855639
286 0.0876184
287 0.0900883
288 0.088088
289 0.0875533
290 0.0866142
291 0.0865023
292 0.0881232
293 0.0860125
294 0.0877558
295 0.0889946
296 0.088247
297 0.0887964
298 0.0875248
299 0.0863427
300 0.0875099
301 0.0867861
302 0.0869608
303 0.089129
304 0.0843677
305 0.0842194
306 0.0865394
307 0.0851159
308 0.0855087
309 0.0810771
310 0.0842449
311 0.0835762
312 0.0809687
313 0.0804028
314 0.0810731
315 0.0830981
316 0.0827429
317 0.0821117
318 0.0819219
319 0.0797267
320 0.0796976
321 0.0805765
322 0.082063
323 0.0805605
324 0.0810972
325 0.0818934
326 0.0810797
327 0.0805399
328 0.0817682
329 0.0794145
330 0.0825552
331 0.0804087
332 0.0805455
333 0.0791498
334 0.0777125
335 0.0809877
336 0.0815529
337 0.0808206
338 0.0812148
339 0.0805097
340 0.0816982
341 0.0793878
342 0.0805425
343 0.0794113
344 0.0798579
345 0.0799426
346 0.0812654
347 0.0790932
348 0.0808096
349 0.0792202
350 0.0808984
351 0.0818366
352 0.0834448
353 0.0839752
354 0.0838659
355 0.0811522
356 0.0790871
357 0.0800814
358 0.0828417
359 0.0836353
360 0.0844387
361 0.0832591
362 0.0833664
363 0.0855967
364 0.0846044
365 0.0827347
366 0.0838249
367 0.0841038
368 0.0841793
369 0.0834531
370 0.0821091
371 0.0853562
372 0.0861616
373 0.0842084
374 0.0835395
375 0.083098
376 0.0814415
377 0.0823337
378 0.0822522
379 0.0835397
380 0.0803072
381 0.0820551
382 0.0831886
383 0.0824334
384 0.0830691
385 0.0834446
386 0.0821599
387 0.0827518
388 0.0829582
389 0.0823319
390 0.083354
391 0.0849248
392 0.0824926
393 0.0822888
394 0.0787402
395 0.0829781
396 0.0822904
397 0.0797378
398 0.0809725
399 0.0820632
400 0.0782095
401 0.0770567
402 0.0799087
403 0.0789617
404 0.0778054
405 0.0790907
406 0.08
407 0.0792613
408 0.0791061
409 0.0792707
410 0.0788692
411 0.0789696
412 0.0805236
413 0.0817186
414 0.079685
415 0.0783031
416 0.0767208
417 0.0778932
418 0.0783565
419 0.0781041
420 0.0774001
421 0.0783652
422 0.0772509
423 0.075335
424 0.0783243
425 0.0791378
426 0.0785208
427 0.0758049
428 0.077053
429 0.0790311
430 0.0820561
431 0.0810959
432 0.0811215
433 0.0808659
434 0.0814017
435 0.0809644
436 0.0831762
437 0.0815901
438 0.0820706
439 0.0806916
440 0.0806067
441 0.0808176
442 0.0793809
443 0.0809775
444 0.0823728
445 0.0824424
446 0.0821025
447 0.0802506
448 0.0803243
449 0.0795709
450 0.0806972
451 0.0786685
452 0.0786991
453 0.079237
454 0.079996
455 0.0815453
456 0.0789592
457 0.0812584
458 0.0769997
459 0.0792741
460 0.0791872
461 0.0798666
462 0.0801175
463 0.080362
464 0.0827363
465 0.0782998
466 0.0784314
467 0.076235
468 0.0789356
469 0.0760799
470 0.0774536
471 0.0771178
472 0.0776217
473 0.08143
474 0.0810703
475 0.0787237
476 0.0777518
477 0.0762568
478 0.0770493
479 0.0781887
480 0.0764604
481 0.0788807
482 0.0778943
483 0.0770494
484 0.0764521
485 0.0769614
486 0.0735734
487 0.0751872
488 0.0755367
489 0.0763206
490 0.0753353
491 0.0770574
492 0.0781819
493 0.0767234
494 0.0768694
495 0.0771035
496 0.0772224
497 0.076443
498 0.0765779
499 0.0764014
500 0.0774441
501 0.0756692
502 0.0774803
503 0.0756759
504 0.0730368
505 0.0752409
506 0.0742752
507 0.0760663
508 0.0748628
509 0.075434
510 0.0743996
511 0.0763896
512 0.0769154
513 0.0775569
514 0.0769192
515 0.0756261
516 0.0755527
517 0.0760146
518 0.0748037
519 0.0737689
520 0.0750739
521 0.07493
522 0.073433
523 0.0746561
524 0.0741447
525 0.0728211
526 0.0741278
527 0.076773
528 0.0780078
529 0.075229
530 0.075401
531 0.07485
532 0.0766886
533 0.0752979
534 0.0764159
535 0.0773533
536 0.0797188
537 0.0767925
538 0.0755132
539 0.0763903
540 0.0762784
541 0.0764535
542 0.0740778
543 0.0710964
544 0.072581
545 0.0713678
546 0.073189
547 0.0720694
548 0.0719055
549 0.0727273
550 0.0724066
551 0.0728828
552 0.07405
553 0.0716285
554 0.0731
555 0.0728553
556 0.0701754
557 0.0740963
558 0.0726389
559 0.0742408
560 0.0756551
561 0.0742963
562 0.0758273
563 0.0745702
564 0.0743483
565 0.0739925
566 0.0734262
567 0.0721458
568 0.0734285
569 0.0713749
570 0.0711963
571 0.0725153
572 0.0718641
573 0.0710314
574 0.0711538
575 0.0694333
576 0.0698755
577 0.0707035
578 0.0694104
579 0.070002
580 0.0667199
581 0.0664468
582 0.066783
583 0.0692822
584 0.0677341
585 0.0671724
586 0.0676782
587 0.0666333
588 0.0682147
589 0.068257
590 0.0684966
591 0.069807
592 0.0705564
593 0.068554
594 0.0668664
595 0.0690587
596 0.0699325
597 0.0686412
598 0.0683534
599 0.0694792
600 0.0696478
601 0.0704423
602 0.0701825
603 0.0712712
604 0.0693972
605 0.0705164
606 0.0694917
607 0.0720928
608 0.0706212
609 0.0693
610 0.0676275
611 0.0674791
612 0.068795
613 0.0671251
614 0.0672399
615 0.0670232
616 0.0699381
617 0.0693569
618 0.0677424
619 0.0670567
620 0.0694659
621 0.0667999
622 0.0672735
623 0.0687719
624 0.0676007
625 0.0671567
626 0.0675169
627 0.0659858
628 0.0662235
629 0.0648176
630 0.0675932
631 0.0665933
632 0.0664302
633 0.0666867
634 0.0672462
635 0.070107
636 0.0704564
637 0.0694542
638 0.0703238
639 0.0683949
640 0.0689034
641 0.0695265
642 0.0687199
643 0.0672623
644 0.0663692
645 0.0659621
646 0.0666467
647 0.0658899
648 0.0648979
649 0.0657063
650 0.0674462
651 0.0672758
652 0.0666331
653 0.0660974
654 0.0653753
655 0.0671947
656 0.0658405
657 0.0669018
658 0.0666264
659 0.0662125
660 0.0671743
661 0.0666297
662 0.0674519
663 0.066855
664 0.0690801
665 0.0666162
666 0.0656217
667 0.0664445
668 0.0662897
669 0.0680673
670 0.0656739
671 0.0649495
672 0.0681612
673 0.0675253
674 0.0671473
675 0.0655829
676 0.0651196
677 0.0668586
678 0.0671416
679 0.0669625
680 0.0680671
681 0.0664954
682 0.0683368
683 0.0684593
684 0.068821
685 0.0696761
686 0.0688071
687 0.0684537
688 0.0695301
689 0.068622
690 0.0685457
691 0.0701763
692 0.0696289
693 0.0689638
694 0.0698437
695 0.0706286
696 0.0698895
697 0.070826
698 0.0692428
699 0.0694473
700 0.0695902
701 0.0676358
702 0.0682599
703 0.0660592
704 0.0657476
705 0.0682887
706 0.066201
707 0.064302
708 0.0652482
709 0.0669699
710 0.0672809
711 0.0675669
712 0.0662986
713 0.0675662
714 0.0679808
715 0.0664405
716 0.0677144
717 0.0675553
718 0.0689673
719 0.0680864
720 0.0670343
721 0.0674772
722 0.0680745
723 0.0698477
724 0.070831
725 0.0693049
726 0.0671691
727 0.0691401
728 0.0668624
729 0.0683066
730 0.0692476
731 0.0667376
732 0.0685827
733 0.0672989
734 0.065829
735 0.0664735
736 0.0674157
737 0.0670598
738 0.0672851
739 0.0670909
740 0.0669825
741 0.0688336
742 0.069103
743 0.0696939
744 0.0691432
745 0.0684813
746 0.0690305
747 0.0706505
748 0.0692605
749 0.0689813
750 0.0679839
751 0.0675834
752 0.0708714
753 0.0692061
754 0.0695444
755 0.0688901
756 0.0680879
757 0.0684743
758 0.0668197
759 0.0681494
760 0.0692398
761 0.0701352
762 0.0722282
763 0.0718379
764 0.0690291
765 0.0697782
766 0.0711614
767 0.0702033
768 0.0705279
769 0.0730547
770 0.0712128
771 0.0718784
772 0.0691949
773 0.0699692
774 0.0690379
775 0.0706213
776 0.0701287
777 0.0682505
778 0.0687711
779 0.0698127
780 0.0716294
781 0.0708137
782 0.0708432
783 0.0694998
784 0.0696673
785 0.0708568
786 0.0687619
787 0.0699215
788 0.0706486
789 0.0684939
790 0.0695429
791 0.070337
792 0.0692509
793 0.0684642
794 0.0675551
795 0.0711205
796 0.0674047
797 0.0700716
798 0.0684078
799 0.0697185
800 0.0681373
801 0.065611
802 0.0689121
803 0.0671314
804 0.0658166
805 0.0675536
806 0.0684373
807 0.0663678
808 0.0662118
809 0.0667871
810 0.0668972
811 0.0669664
812 0.0672685
813 0.0669938
814 0.0675962
815 0.0680192
816 0.066591
817 0.0677564
818 0.0685517
819 0.0664121
820 0.0666804
821 0.0674736
822 0.0640264
823 0.0667425
824 0.0671148
825 0.0665633
826 0.0662872
827 0.0685378
828 0.0670974
829 0.0691811
830 0.067773
831 0.07
832 0.0683703
833 0.0686133
834 0.0706805
835 0.0693865
836 0.0693793
837 0.0692701
838 0.0692562
839 0.0679577
840 0.0700874
841 0.069795
842 0.0701149
843 0.0705052
844 0.0689922
845 0.0710597
846 0.0694911
847 0.0689994
848 0.0694889
849 0.0698791
850 0.0705567
851 0.0683928
852 0.0701583
853 0.0713035
854 0.0699163
855 0.0699135
856 0.0685546
857 0.069807
858 0.0675732
859 0.0693627
860 0.0691506
861 0.0707301
862 0.0666977
863 0.0692455
864 0.0709334
865 0.0707008
866 0.068535
867 0.0697482
868 0.0684698
869 0.0697108
870 0.072321
871 0.0728676
872 0.0710218
873 0.071255
874 0.0721089
875 0.0705085
876 0.067464
877 0.0706705
878 0.0678625
879 0.0687902
880 0.0682136
881 0.0690084
882 0.0670782
883 0.0677003
884 0.068042
885 0.0691244
886 0.0669597
887 0.0659517
888 0.0670611
889 0.06811
890 0.066111
891 0.0668015
892 0.0674478
893 0.067772
894 0.0682195
895 0.0675809
896 0.0681335
897 0.0681806
898 0.0687244
899 0.0677493
