0 0.405205861776
1 0.407050558742
2 0.407880839383
3 0.412982867606
4 0.432803394717
5 0.446704381311
6 0.456381583563
7 0.461030607404
8 0.464580610431
9 0.462729149065
10 0.463906113507
11 0.464958718206
12 0.466965841207
13 0.466125029886
14 0.465466407977
15 0.466697325432
16 0.468513893018
17 0.466857551546
18 0.467817810507
19 0.468255708394
20 0.466827281355
21 0.467178589649
22 0.468526479026
23 0.466663724417
24 0.467023977575
25 0.467495661715
26 0.467607877619
27 0.469066154567
28 0.468142070319
29 0.467593050995
30 0.467637462623
31 0.467839515504
32 0.468512819065
33 0.468251613771
34 0.468175992325
35 0.467246567733
36 0.467002701026
37 0.467971508282
38 0.468098532355
39 0.468317708086
40 0.467950860984
41 0.467517555565
42 0.467876526389
43 0.468502005562
44 0.467866021268
45 0.469752832466
46 0.469061678417
47 0.469015244987
48 0.470635638329
49 0.470326715086
50 0.469280871499
51 0.469166971631
52 0.469297097181
53 0.470070510282
54 0.468715695399
55 0.469577117305
56 0.468092166751
57 0.467090496322
58 0.467627231504
59 0.468748890493
60 0.466993349019
61 0.467760565911
62 0.467754690334
63 0.468138990107
64 0.467122316829
65 0.468009154672
66 0.468689049148
67 0.467857409913
68 0.469352932148
69 0.469065070611
70 0.469461577204
71 0.468101512635
72 0.46903993623
73 0.46900988721
74 0.469080795908
75 0.469691992942
76 0.469269674462
77 0.468995776253
78 0.468937957836
79 0.469251200975
80 0.468874890604
81 0.468203424092
82 0.469663339598
83 0.4687606437
84 0.469096446266
85 0.468634930662
86 0.468379724756
87 0.468144168721
88 0.468275181847
89 0.467629802935
90 0.466988224374
91 0.468151564883
92 0.46871038276
93 0.468740552059
94 0.469662264957
95 0.468814903059
96 0.469329093347
97 0.46871452158
98 0.469064242774
99 0.469627764391
100 0.469010427043
101 0.470093389237
102 0.46920455807
103 0.469447215852
104 0.469601572498
105 0.469565039336
106 0.468183285481
107 0.468418286135
108 0.468435699435
109 0.468308589563
110 0.468716691922
111 0.467833339795
112 0.468561314451
113 0.468614296226
114 0.468742845694
115 0.467782925678
116 0.468251374641
117 0.468503221001
118 0.468087288915
119 0.468215146789
120 0.468721601275
121 0.468190536035
122 0.468345227177
123 0.468373587465
124 0.468292217716
125 0.469079291199
126 0.46821657091
127 0.468577598038
128 0.468720707879
129 0.468945624247
130 0.468044142263
131 0.467650761458
132 0.468554921696
133 0.467252438798
134 0.467657114049
135 0.467672504151
136 0.468375492022
137 0.46779240063
138 0.468334065567
139 0.467715498572
140 0.468421249634
141 0.467661216698
142 0.468169204527
143 0.467038379519
144 0.467020625705
145 0.467809134159
146 0.467890940663
147 0.468594877678
148 0.468046631141
149 0.467849616818
