0 0.06 0.530071625344 0.469928374656 0.0890669180019 0.910933081998 0.0504084243015 0.581535270773
1 0.06 0.524121212121 0.475878787879 0.0880237592586 0.911976240741 0.0503836272352 0.574921343819
2 0.06 0.526303030303 0.473696969697 0.0889541968318 0.911045803168 0.0507051214092 0.576980133787
3 0.06 0.524903581267 0.475096418733 0.0879919779393 0.912008022061 0.0502903663146 0.575888168865
4 0.06 0.526479338843 0.473520661157 0.0864493505564 0.913550649444 0.049260822322 0.578781914528
5 0.06 0.529465564738 0.470534435262 0.0923280707407 0.907671929259 0.052313923826 0.578707015622
6 0.06 0.5311184573 0.4688815427 0.0899584586735 0.910041541326 0.0508126524904 0.582263189176
7 0.06 0.538512396694 0.461487603306 0.0938987296475 0.906101270352 0.0523100657797 0.589030732697
8 0.06 0.54835261708 0.45164738292 0.0979161436103 0.90208385639 0.053569258481 0.599195671559
9 0.06 0.553972451791 0.446027548209 0.0945621392981 0.905437860702 0.0512094810811 0.609001303397
10 0.06 0.56329476584 0.43670523416 0.101224577485 0.898775422515 0.0539102705849 0.61742476541
11 0.06 0.574457300275 0.425542699725 0.10095033172 0.89904966828 0.0527194962991 0.633813952533
12 0.06 0.582016528926 0.417983471074 0.100079170865 0.899920829135 0.0515857364308 0.645901733977
13 0.06 0.588033057851 0.411966942149 0.0964210072872 0.903578992713 0.0491916258788 0.65799866465
14 0.06 0.593112947658 0.406887052342 0.0952706102207 0.904729389779 0.0481884322017 0.667061818192
15 0.06 0.59670523416 0.40329476584 0.0883061760368 0.911693823963 0.0443968835775 0.678184222449
16 0.06 0.599360881543 0.400639118457 0.0814998561979 0.918500143802 0.0407933811036 0.687776181721
17 0.06 0.600595041322 0.399404958678 0.0769230769231 0.923076923077 0.038423432578 0.693339105854
18 0.06 0.601289256198 0.398710743802 0.0740847299144 0.925915270086 0.036962940457 0.696681956391
19 0.06 0.603856749311 0.396143250689 0.0730724971231 0.926927502877 0.0363028966091 0.701963873875
20 0.06 0.605619834711 0.394380165289 0.0710740234516 0.928925976548 0.035207246879 0.706622232789
21 0.06 0.605807162534 0.394192837466 0.0712255836541 0.928774416346 0.0352714137727 0.706842688201
22 0.06 0.606512396694 0.393487603306 0.0699187576389 0.930081242361 0.0345840042281 0.709105878722
23 0.06 0.607063360882 0.392936639118 0.0675758339031 0.932424166097 0.033394784593 0.711888945904
24 0.06 0.606887052342 0.393112947658 0.0672344401322 0.932765559868 0.0332357264203 0.711830199507
25 0.06 0.607779614325 0.392220385675 0.0655337189667 0.934466281033 0.0323474417809 0.714750927154
26 0.06 0.606655647383 0.393344352617 0.0653327596099 0.93466724039 0.0323079954296 0.712861822603
27 0.06 0.60879338843 0.39120661157 0.0675568672617 0.932443132738 0.0332905392268 0.715051667196
28 0.06 0.608804407713 0.391195592287 0.0658747300216 0.934125269978 0.0324610314185 0.71636180601
29 0.06 0.609476584022 0.390523415978 0.0694654291676 0.930534570832 0.0341926651435 0.714836447261
30 0.06 0.608 0.392 0.0663025119488 0.933697488051 0.0327150552379 0.714564404121
31 0.06 0.607603305785 0.392396694215 0.06744236156 0.93255763844 0.0332992073535 0.712970561823
32 0.06 0.60861707989 0.39138292011 0.0658562025681 0.934143797432 0.0324618901165 0.716033134892
33 0.06 0.607702479339 0.392297520661 0.0675646551724 0.932435344828 0.0333541448996 0.713057281058
34 0.06 0.608319559229 0.391680440771 0.0665780396666 0.933421960333 0.0328337492967 0.714936358702
35 0.06 0.608815426997 0.391184573003 0.0688416211555 0.931158378844 0.0339224097006 0.714106672227
36 0.06 0.607305785124 0.392694214876 0.0685870072102 0.93141299279 0.0338809585996 0.711555931439
37 0.06 0.608628099174 0.391371900826 0.0697022011221 0.930297798878 0.0343570406378 0.713105205238
38 0.06 0.607636363636 0.392363636364 0.0661479994264 0.933852000574 0.0326583480112 0.71402029701
39 0.06 0.608826446281 0.391173553719 0.0672124084446 0.932787591555 0.0331189991114 0.715376269193
40 0.06 0.608187327824 0.391812672176 0.06875 0.93125 0.0339122488359 0.713032068228
41 0.06 0.607944903581 0.392055096419 0.0702805481811 0.929719451819 0.0346810448285 0.71141999707
42 0.06 0.60667768595 0.39332231405 0.0659391937973 0.934060806203 0.0326067013792 0.712439218044
43 0.06 0.607537190083 0.392462809917 0.0672244766043 0.932775523396 0.0331952402429 0.71301700428
44 0.06 0.607217630854 0.392782369146 0.0656902864527 0.934309713547 0.0324547327588 0.713608695506
45 0.06 0.607482093664 0.392517906336 0.0677643851342 0.932235614866 0.0334648802858 0.712504270366
46 0.06 0.606909090909 0.393090909091 0.064342586615 0.935657413385 0.0318050532998 0.714077119373
47 0.06 0.608044077135 0.391955922865 0.065522676793 0.934477323207 0.0323279245323 0.715241639705
48 0.06 0.607504132231 0.392495867769 0.0645311548246 0.935468845175 0.0318670201901 0.715015562197
49 0.06 0.608760330579 0.391239669421 0.0643218242444 0.935678175756 0.0316981023632 0.717471858469
50 0.06 0.608242424242 0.391757575758 0.0617770296888 0.938222970311 0.0304699379194 0.718472107525
51 0.06 0.609223140496 0.390776859504 0.0669409660107 0.933059033989 0.0329637672444 0.716310864855
52 0.06 0.608484848485 0.391515151515 0.0641021057524 0.935897894248 0.0316041258441 0.717135383363
53 0.06 0.60738292011 0.39261707989 0.0620576249374 0.937942375063 0.0306516480211 0.716684848753
54 0.06 0.608760330579 0.391239669421 0.061800764914 0.938199235086 0.0304557122778 0.719404990148
55 0.06 0.608936639118 0.391063360882 0.0640122949355 0.935987705065 0.0315364312918 0.718032778336
56 0.06 0.608804407713 0.391195592287 0.0619408859944 0.938059114006 0.0305225546381 0.719378591555
57 0.06 0.608517906336 0.391482093664 0.0617663899227 0.938233610077 0.0304508984598 0.718985842721
58 0.06 0.608815426997 0.391184573003 0.0594211712517 0.940578828748 0.029280387101 0.721331228526
59 0.06 0.609090909091 0.390909090909 0.0612244897959 0.938775510204 0.0301553457204 0.72045562411
60 0.06 0.609157024793 0.390842975207 0.0593074831879 0.940692516812 0.0292079779633 0.72204893767
61 0.06 0.610093663912 0.389906336088 0.0562916278737 0.943708372126 0.027680156935 0.726103900948
62 0.06 0.610303030303 0.389696969697 0.0579767233662 0.942023276634 0.0284989851701 0.725196768171
63 0.06 0.610016528926 0.389983471074 0.0561741434249 0.943825856575 0.0276258793465 0.726050661051
64 0.06 0.609641873278 0.390358126722 0.0557523707282 0.944247629272 0.0274353057944 0.725677959264
65 0.06 0.610523415978 0.389476584022 0.0554859046459 0.944514095354 0.0272647550579 0.727525710737
66 0.06 0.610831955923 0.389168044077 0.0561407280023 0.943859271998 0.0275725888886 0.727597720082
67 0.06 0.611504132231 0.388495867769 0.0557029177719 0.944297082228 0.0273274937172 0.729194692071
68 0.06 0.611074380165 0.388925619835 0.0557726083372 0.944227391663 0.0273809261921 0.728335195864
69 0.06 0.611272727273 0.388727272727 0.0555376170488 0.944462382951 0.0272567127098 0.728888181417
70 0.06 0.611184573003 0.388815426997 0.0568324428986 0.943167557101 0.0278962094639 0.727723869692
71 0.06 0.61076584022 0.38923415978 0.0559157502597 0.94408424974 0.0274650675811 0.727647529915
72 0.06 0.610776859504 0.389223140496 0.0548470301641 0.945152969836 0.0269396405466 0.728491863535
73 0.06 0.611019283747 0.388980716253 0.0557724683884 0.944227531612 0.027383326454 0.728232140174
74 0.06 0.610865013774 0.389134986226 0.0538827825713 0.946117217429 0.0264622042627 0.729400273107
75 0.06 0.610953168044 0.389046831956 0.05444925101 0.94555074899 0.0267365424346 0.729128735661
76 0.06 0.610424242424 0.389575757576 0.0520594965675 0.947940503432 0.0255852370938 0.729979074672
77 0.06 0.610887052342 0.389112947658 0.0545982158851 0.945401784115 0.0268125911373 0.728889996957
78 0.06 0.610964187328 0.389035812672 0.0550080630711 0.944991936929 0.0270104521077 0.728718467154
79 0.06 0.610049586777 0.389950413223 0.0524036224362 0.947596377564 0.0257701784767 0.729012981213
80 0.06 0.610391184573 0.389608815427 0.0540937242688 0.945906275731 0.0265864214471 0.728350775144
81 0.06 0.610049586777 0.389950413223 0.0533361970218 0.946663802978 0.0262287844355 0.728295524926
82 0.06 0.61076584022 0.38923415978 0.0534416723342 0.946558327666 0.0262498336424 0.72955441131
83 0.06 0.610931129477 0.389068870523 0.0519094361252 0.948090563875 0.0254903213901 0.731045814022
84 0.06 0.611140495868 0.388859504132 0.0540211355902 0.94597886441 0.0265181914578 0.729810269023
85 0.06 0.6111184573 0.3888815427 0.0541197497766 0.945880250223 0.0265675577935 0.729692834216
86 0.06 0.612011019284 0.387988980716 0.0545545724827 0.945445427517 0.0267419559928 0.731035267372
87 0.06 0.611581267218 0.388418732782 0.0527882374036 0.947211762596 0.0258943039461 0.731590690138
88 0.06 0.612341597796 0.387658402204 0.0533701816094 0.946629818391 0.0261472592103 0.732575236091
89 0.06 0.611581267218 0.388418732782 0.0514924570896 0.94850754291 0.0252586826231 0.732591502049
90 0.06 0.612154269972 0.387845730028 0.052486286882 0.947513713118 0.0257220881026 0.732905100993
91 0.06 0.612055096419 0.387944903581 0.0535554361454 0.946444563855 0.0262503015458 0.731890963215
92 0.06 0.612925619835 0.387074380165 0.0527015375772 0.947298462423 0.0257950732708 0.734198782687
93 0.06 0.61252892562 0.38747107438 0.05140723722 0.94859276278 0.0251778659275 0.734449221246
94 0.06 0.612451790634 0.387548209366 0.0514455629993 0.948554437001 0.0251998102313 0.734273373538
95 0.06 0.613046831956 0.386953168044 0.0529238927906 0.947076107209 0.0258987845782 0.734256379393
96 0.06 0.612165289256 0.387834710744 0.0523074719845 0.947692528015 0.0256339943979 0.733064242392
97 0.06 0.611966942149 0.388033057851 0.0518309052511 0.948169094749 0.0254086789733 0.73305797707
98 0.06 0.612198347107 0.387801652893 0.0522444292942 0.947755570706 0.025601716931 0.733175501164
99 0.06 0.611966942149 0.388033057851 0.0512021211795 0.94879787882 0.0251004348371 0.733544108902
100 0.06 0.61296969697 0.38703030303 0.0525373348136 0.947462665186 0.0257128541949 0.734409676272
101 0.06 0.612011019284 0.387988980716 0.0516722767314 0.948327723269 0.0253290913578 0.733263909855
102 0.06 0.612055096419 0.387944903581 0.0522871141948 0.947712885805 0.0256286310664 0.732871763792
103 0.06 0.612837465565 0.387162534435 0.0512452965418 0.948754703458 0.0250859156406 0.735160005739
104 0.06 0.612573002755 0.387426997245 0.0515969636207 0.948403036379 0.0252689704192 0.734385866078
105 0.06 0.61244077135 0.38755922865 0.0515958208101 0.94840417919 0.0252738664163 0.73413618545
106 0.06 0.613223140496 0.386776859504 0.0512159306615 0.948784069338 0.0250557720083 0.735915848654
107 0.06 0.612958677686 0.387041322314 0.0501860065818 0.949813993418 0.0245625072662 0.736211307676
108 0.06 0.61226446281 0.38773553719 0.0490220617156 0.950977938284 0.024020042658 0.735793741149
109 0.06 0.612804407713 0.387195592287 0.0500841298822 0.949915870118 0.024518816731 0.735996913995
110 0.06 0.612 0.388 0.0499946434311 0.950005356569 0.0245071781525 0.734540224151
111 0.06 0.611614325069 0.388385674931 0.0491691977845 0.950830802215 0.0241177466432 0.734448408055
112 0.06 0.611195592287 0.388804407713 0.0493254336498 0.95067456635 0.0242109568225 0.733536874189
113 0.06 0.61155922865 0.38844077135 0.0511243788209 0.948875621179 0.0250790322961 0.732834211415
114 0.06 0.611228650138 0.388771349862 0.048201387399 0.951798612601 0.0236579489794 0.73446663156
115 0.06 0.611316804408 0.388683195592 0.0507147962831 0.949285203717 0.0248879775187 0.732693268823
