0 0.746448943071
1 0.744040731312
2 0.745534678729
3 0.751311647429
4 0.755121042831
5 0.751257751258
6 0.748915210508
7 0.744237744238
8 0.752760159737
9 0.754340685124
10 0.749970640047
11 0.751175917215
12 0.750735207623
13 0.752733686067
14 0.754721407625
15 0.743613780173
16 0.747467608952
17 0.756670976843
18 0.747297932331
19 0.750996015936
20 0.754761070218
21 0.75426501519
22 0.748158540863
23 0.751395998139
24 0.751835022719
25 0.746136865342
26 0.750695088044
27 0.74202528709
28 0.743684392664
29 0.744279636656
30 0.750143529682
31 0.746742857143
32 0.743788465922
33 0.74567788899
34 0.749829816201
35 0.738770417423
36 0.749915129569
37 0.748078661844
38 0.74861971831
39 0.744910583736
40 0.747216912178
41 0.739184177998
42 0.745639534884
43 0.757338113377
44 0.742079928356
45 0.746557707377
46 0.746138347884
47 0.743986636971
48 0.743973214286
49 0.745322939866
50 0.74211171814
51 0.748220640569
52 0.746797371059
53 0.751087320174
54 0.746423781851
55 0.751476652179
56 0.741805571093
57 0.745280898876
58 0.737443946188
59 0.749691184728
60 0.731594399277
61 0.699460916442
62 0.685727149932
63 0.622460496614
64 0.549796747967
65 0.452941176471
66 0.382978723404
67 0.332920652786
68 0.289084546789
69 0.262191688253
70 0.246536772159
71 0.240499212953
72 0.225697188664
73 0.22013286792
74 0.217079457582
75 0.212504194162
76 0.210172529689
77 0.209060402685
78 0.212425969382
79 0.21550283996
80 0.214841146412
81 0.219205743774
82 0.216440506897
83 0.226690631319
84 0.227368889879
85 0.228253615128
86 0.242927155268
87 0.239198567271
88 0.237180203329
89 0.235523385301
90 0.236322869955
91 0.243490892837
92 0.233340762202
93 0.237594993295
94 0.232487990169
95 0.223190348525
96 0.220131388487
97 0.221168860138
98 0.217040358744
99 0.21981216458
100 0.205191594561
101 0.194174757282
102 0.192638997651
103 0.179252649191
104 0.175887788044
105 0.173302107728
106 0.17140644019
107 0.161996204086
108 0.153450971633
109 0.150585610708
110 0.147601476015
111 0.147595725735
112 0.139830508475
113 0.136277461804
114 0.134828964904
115 0.130847381936
116 0.132909982175
117 0.120857047205
118 0.117372457486
119 0.112572447615
120 0.112547359037
121 0.110752089136
122 0.106411398041
123 0.112980501393
124 0.109731543624
125 0.105463076751
126 0.112793675537
127 0.110640196297
128 0.105860113422
129 0.0997103386809
130 0.103286908078
131 0.102118171683
132 0.0984137622878
133 0.100345634965
134 0.0973757677275
135 0.100524377998
136 0.0963680926916
137 0.0934163701068
138 0.100934787447
139 0.0892936472679
140 0.0949205290652
141 0.0919706405694
142 0.0941543953592
143 0.0948400757829
144 0.100289403384
145 0.0993871866295
146 0.0988521118912
147 0.0963506898086
148 0.095919272566
149 0.0949677132042
