0 0.0465809155914
1 0.0454713569491
2 0.0450809566861
3 0.043827566368
4 0.0432316922824
5 0.0436837346922
6 0.0439919454262
7 0.044916577628
8 0.0432522396647
9 0.0430262184598
10 0.043745376839
11 0.0434782608696
12 0.0435399030164
13 0.0432111449001
14 0.042964576313
15 0.0449576723925
16 0.0440535875729
17 0.0425330812854
18 0.0441974192488
19 0.0436631873099
20 0.0431289553711
21 0.0432111449001
22 0.0442590613956
23 0.0439097558971
24 0.0437659242213
25 0.0448960302457
26 0.0442179666311
27 0.045697378154
28 0.0456562833895
29 0.045697378154
30 0.0447111038054
31 0.0455329990959
32 0.0461905153283
33 0.0459439467412
34 0.0453275252733
35 0.0473206213528
36 0.0454302621846
37 0.0458001150653
38 0.0458412098299
39 0.0466220103559
40 0.0461905153283
41 0.0476904742336
42 0.0467452946495
43 0.0445056299827
44 0.0473411687351
45 0.0465398208268
46 0.0466014629736
47 0.047258979206
48 0.0471356949125
49 0.0469918632366
50 0.0475260951755
51 0.0465192734446
52 0.0467041998849
53 0.0458617572121
54 0.0466220103559
55 0.0458206624476
56 0.0474233582642
57 0.0465809155914
58 0.0481219692611
59 0.0458001150653
60 0.0489027697871
61 0.0551902687598
62 0.0586011342155
63 0.0716898167174
64 0.0901824607545
65 0.11229144407
66 0.130804635489
67 0.145824771924
68 0.157844990548
69 0.165365332457
70 0.170276156818
71 0.172700747925
72 0.176502013643
73 0.17810470946
74 0.180632037478
75 0.180262184598
76 0.182707323087
77 0.183652502671
78 0.182810059998
79 0.181926522561
80 0.182666228323
81 0.180077258157
82 0.180077258157
83 0.178864962604
84 0.179070436426
85 0.179686857894
86 0.175885592176
87 0.177056792965
88 0.17611161338
89 0.177221172023
90 0.175803402647
91 0.175556834059
92 0.17791978302
93 0.17611161338
94 0.177426645845
95 0.179419741925
96 0.181392290622
97 0.181269006329
98 0.181679953974
99 0.183385386702
100 0.183241555026
101 0.188316758445
102 0.188768800855
103 0.193104298512
104 0.192528971809
105 0.193617983069
106 0.195754910824
107 0.195487794855
108 0.198590449577
109 0.198857565546
110 0.199063039369
111 0.200172598011
112 0.20243281006
113 0.203377989644
114 0.204056053259
115 0.203953316347
116 0.204405358757
117 0.20724089751
118 0.206501191748
119 0.206932686776
120 0.208823045944
121 0.209007972384
122 0.208227171858
123 0.208761403797
124 0.209521656941
125 0.210754499877
126 0.20960384647
127 0.210857236788
128 0.212665406427
129 0.211535300403
130 0.211370921345
131 0.212069532342
132 0.210980521082
133 0.211124352757
134 0.211473658256
135 0.211021615846
136 0.212768143339
137 0.212911975014
138 0.21159694255
139 0.212685953809
140 0.211946248048
141 0.211535300403
142 0.210939426317
143 0.211658584696
144 0.211576395167
145 0.211679132079
146 0.212007890195
147 0.212809238103
148 0.213898249363
149 0.212994164543
