0 0.06 0.565895316804 0.434104683196 0.108494011101 0.891505988899 0.0575162973855 0.616099772757
1 0.06 0.582203856749 0.417796143251 0.118941596438 0.881058403562 0.0612886337279 0.632647106343
2 0.06 0.591724517906 0.408275482094 0.117586762337 0.882413237663 0.0596156279377 0.648395465585
3 0.06 0.602798898072 0.397201101928 0.115177689126 0.884822310874 0.057321449738 0.668292942727
4 0.06 0.607283746556 0.392716253444 0.101676957364 0.898323042636 0.0502287231991 0.686238245623
5 0.06 0.611162534435 0.388837465565 0.0875 0.9125 0.0429509312515 0.704021665202
6 0.06 0.610567493113 0.389432506887 0.0798595875384 0.920140412462 0.0392387025706 0.708831745827
7 0.06 0.614435261708 0.385564738292 0.0770891262988 0.922910873701 0.0376390147684 0.718097986182
8 0.06 0.613090909091 0.386909090909 0.0696542893726 0.930345710627 0.0340835045862 0.721367679763
9 0.06 0.613818181818 0.386181818182 0.0665300446461 0.933469955354 0.0325161651855 0.725153213905
10 0.06 0.612495867769 0.387504132231 0.0650868068273 0.934913193173 0.0318794673984 0.723796044023
11 0.06 0.61279338843 0.38720661157 0.0639645577036 0.936035442296 0.0313145795522 0.725221688623
12 0.06 0.612782369146 0.387217630854 0.0648066783831 0.935193321617 0.0317274198702 0.724548610729
13 0.06 0.614192837466 0.385807162534 0.0624587640202 0.93754123598 0.030507729923 0.72902319632
14 0.06 0.615008264463 0.384991735537 0.0622848773343 0.937715122666 0.0303824587083 0.730702793937
15 0.06 0.615151515152 0.384848484848 0.0596259625963 0.940374037404 0.0290786714139 0.733047477976
16 0.06 0.615426997245 0.384573002755 0.0603647572566 0.939635242743 0.0294257925929 0.732996260278
17 0.06 0.615900826446 0.384099173554 0.0615480603369 0.938451939663 0.029979531295 0.732976276138
18 0.06 0.61555922865 0.38444077135 0.0611145715019 0.938885428498 0.0297849022437 0.732663259312
19 0.06 0.614435261708 0.385564738292 0.0585544373285 0.941445562672 0.0285893930464 0.732519446806
20 0.06 0.616 0.384 0.0591250228812 0.940874977119 0.0287946540006 0.735058575874
21 0.06 0.616451790634 0.383548209366 0.0582972794603 0.94170272054 0.0283707243678 0.736571855279
22 0.06 0.61573553719 0.38426446281 0.0578466952601 0.94215330474 0.0281841919621 0.735550691717
23 0.06 0.615889807163 0.384110192837 0.0582428068115 0.941757193188 0.0283700782839 0.735536737178
24 0.06 0.616418732782 0.383581267218 0.0577438420029 0.942256157997 0.0281028977213 0.736941220956
25 0.06 0.616363636364 0.383636363636 0.0579247015611 0.942075298439 0.0281934388129 0.736693953756
26 0.06 0.617289256198 0.382710743802 0.0577580188853 0.942241981115 0.0280701559141 0.738606372861
27 0.06 0.617090909091 0.382909090909 0.0579193174714 0.942080682529 0.0281575939387 0.738097400841
28 0.06 0.61696969697 0.38303030303 0.0578369848435 0.942163015157 0.0281230918443 0.737928310922
29 0.06 0.618490358127 0.381509641873 0.0560029417172 0.943997058283 0.0271643402268 0.742311822302
30 0.06 0.617906336088 0.382093663912 0.0579380232046 0.942061976795 0.0281295172848 0.739657889495
31 0.06 0.617212121212 0.382787878788 0.0579704824143 0.942029517586 0.0281769332237 0.738291024707
32 0.06 0.617972451791 0.382027548209 0.0586420886425 0.941357911358 0.0284683023357 0.739233007491
33 0.06 0.61850137741 0.38149862259 0.057208994709 0.942791005291 0.0277488442864 0.741384856562
34 0.06 0.618005509642 0.381994490358 0.0572792362768 0.942720763723 0.0278052066122 0.740367299151
35 0.06 0.617685950413 0.382314049587 0.0578130161876 0.942186983812 0.0280788398128 0.739329604678
36 0.06 0.619184573003 0.380815426997 0.0586376662503 0.94136233375 0.0284104298493 0.741589442297
37 0.06 0.618820936639 0.381179063361 0.0610616866407 0.938938313359 0.0296022724953 0.738974201584
38 0.06 0.61841322314 0.38158677686 0.0565426921238 0.943457307876 0.0274295681308 0.741737422592
39 0.06 0.617663911846 0.382336088154 0.0572257093565 0.942774290643 0.0277945861458 0.739747818623
40 0.06 0.617608815427 0.382391184573 0.0569497005548 0.943050299445 0.0276629959607 0.739857771955
41 0.06 0.618082644628 0.381917355372 0.0574252333015 0.942574766699 0.0278725994657 0.740402147303
42 0.06 0.618931129477 0.381068870523 0.0579912535372 0.942008746463 0.0281087430129 0.741605116027
43 0.06 0.61885399449 0.38114600551 0.0586678429643 0.941332157036 0.0284402347662 0.740922489095
44 0.06 0.619019283747 0.380980716253 0.0556699514635 0.944330048537 0.0269797498681 0.743604603789
45 0.06 0.619041322314 0.380958677686 0.0575870052552 0.942412994745 0.0279078325692 0.742137966618
46 0.06 0.618809917355 0.381190082645 0.0572582125161 0.942741787484 0.027758869522 0.741946207737
47 0.06 0.619812672176 0.380187327824 0.0589013898081 0.941098610192 0.0285092863306 0.742606505782
48 0.06 0.619250688705 0.380749311295 0.0594608491259 0.940539150874 0.0288061928119 0.74106961429
49 0.06 0.61885399449 0.38114600551 0.0596148191708 0.940385180829 0.0288992975895 0.740177124175
50 0.06 0.618446280992 0.381553719008 0.0579262689749 0.942073731025 0.0280992565185 0.740713837208
51 0.06 0.61867768595 0.38132231405 0.0578202536298 0.94217974637 0.0280373391232 0.741246744543
52 0.06 0.619041322314 0.380958677686 0.0582417178365 0.941758282163 0.0282251195859 0.741622388982
53 0.06 0.618898071625 0.381101928375 0.0570262519303 0.94297374807 0.0276424767881 0.742300427677
54 0.06 0.61929476584 0.38070523416 0.0585618704507 0.941438129549 0.0283686575509 0.741863818836
55 0.06 0.619041322314 0.380958677686 0.0588646223987 0.941135377601 0.0285269917905 0.741131859748
56 0.06 0.620143250689 0.379856749311 0.0581831555719 0.941816844428 0.0281466365266 0.743820015942
57 0.06 0.620242424242 0.379757575758 0.0593235932727 0.940676406727 0.0286937450362 0.743113343967
58 0.06 0.620297520661 0.379702479339 0.0596762325239 0.940323767476 0.0288617464376 0.742942555271
59 0.06 0.620297520661 0.379702479339 0.0612867647059 0.938713235294 0.029640662423 0.741670086217
60 0.06 0.620561983471 0.379438016529 0.0607019351041 0.939298064896 0.0293453047661 0.742649410954
61 0.06 0.621002754821 0.378997245179 0.059009988574 0.940990011426 0.0285071143964 0.74485238882
62 0.06 0.620209366391 0.379790633609 0.0583987325449 0.941601267455 0.0282479122581 0.743779217387
63 0.06 0.620561983471 0.379438016529 0.0599572523585 0.940042747642 0.028985300722 0.743238189131
64 0.06 0.621046831956 0.378953168044 0.0582674839377 0.941732516062 0.0281464203372 0.745526831922
65 0.06 0.621278236915 0.378721763085 0.0587410523209 0.941258947679 0.0283646112952 0.745607228915
66 0.06 0.619977961433 0.380022038567 0.056386269888 0.943613730112 0.0272846488403 0.744915005721
67 0.06 0.620991735537 0.379008264463 0.0582900121668 0.941709987833 0.028159800927 0.745400622729
68 0.06 0.620958677686 0.379041322314 0.0574072708502 0.94259272915 0.0277348266059 0.746034276734
69 0.06 0.621796143251 0.378203856749 0.0577731867483 0.942226813252 0.0278740166092 0.747395984814
70 0.06 0.620716253444 0.379283746556 0.0579106458272 0.942089354173 0.0279889460793 0.745159287256
71 0.06 0.620495867769 0.379504132231 0.0569942452413 0.943005754759 0.0275558218202 0.745450977738
72 0.06 0.620022038567 0.379977961433 0.055308023714 0.944691976286 0.02676099571 0.745852711608
73 0.06 0.620297520661 0.379702479339 0.0566121185316 0.943387881468 0.0273798217691 0.745363488101
74 0.06 0.620308539945 0.379691460055 0.056536321085 0.943463678915 0.0273426774473 0.745445008517
75 0.06 0.620550964187 0.379449035813 0.0560061942335 0.943993805767 0.0270757105213 0.746340390939
76 0.06 0.620694214876 0.379305785124 0.0579005524862 0.942099447514 0.0279850614514 0.745123974742
77 0.06 0.620319559229 0.379680440771 0.0563972133142 0.943602786686 0.0272749161985 0.745576557567
78 0.06 0.620815426997 0.379184573003 0.0568659246702 0.94313407533 0.0274796286612 0.74618073293
79 0.06 0.620143250689 0.379856749311 0.0557992112925 0.944200788707 0.0269933815601 0.745702786974
80 0.06 0.620418732782 0.379581267218 0.0569552547125 0.943044745288 0.0275403941095 0.745330310055
81 0.06 0.619669421488 0.380330578512 0.0585025988867 0.941497401113 0.0283228106107 0.742641365937
82 0.06 0.621090909091 0.378909090909 0.0592226565381 0.940777343462 0.0286057913606 0.744857301685
83 0.06 0.62044077135 0.37955922865 0.0573619405736 0.942638059426 0.027736059535 0.745052145968
84 0.06 0.621212121212 0.378787878788 0.0575958702065 0.942404129794 0.0278145909778 0.746384070796
85 0.06 0.621134986226 0.378865013774 0.0587606443765 0.941239355624 0.0283806156534 0.745309797477
86 0.06 0.621311294766 0.378688705234 0.0605635880791 0.939436411921 0.0292431130366 0.744228490792
87 0.06 0.621796143251 0.378203856749 0.059159812636 0.940840187364 0.0285430264942 0.746296081259
88 0.06 0.621157024793 0.378842975207 0.0581382488479 0.941861751152 0.0280790105532 0.745846020219
89 0.06 0.621046831956 0.378953168044 0.0575943291737 0.942405670826 0.0278212493214 0.746059737954
90 0.06 0.621663911846 0.378336088154 0.0582828879374 0.941717112063 0.0281259150613 0.746730598704
91 0.06 0.621630853994 0.378369146006 0.0582939787485 0.941706021251 0.0281327632182 0.746656563723
92 0.06 0.621641873278 0.378358126722 0.0581013824885 0.941898617512 0.0280393189323 0.746831018807
93 0.06 0.62132231405 0.37867768595 0.0579496442659 0.942050355734 0.0279804746854 0.746320993303
94 0.06 0.620837465565 0.379162534435 0.0575152809485 0.942484719051 0.027792433997 0.745710322188
95 0.06 0.621201101928 0.378798898072 0.0594132389798 0.94058676102 0.0286927560795 0.744923044239
96 0.06 0.62158677686 0.37841322314 0.0593117184906 0.940688281509 0.0286259557147 0.745762746108
97 0.06 0.621564738292 0.378435261708 0.0582685290974 0.941731470903 0.028123472347 0.746546291685
98 0.06 0.621575757576 0.378424242424 0.0576115001843 0.942388499816 0.0278058625109 0.747088897195
99 0.06 0.621399449036 0.378600550964 0.0574136214462 0.942586378554 0.0277182196743 0.74689778672
100 0.06 0.622369146006 0.377630853994 0.0590448091462 0.940955190854 0.0284613124824 0.747519844499
101 0.06 0.621531680441 0.378468319559 0.0590076982578 0.940992301742 0.0284817492566 0.745895167266
102 0.06 0.621223140496 0.378776859504 0.0572080695038 0.942791930496 0.0276268215595 0.746712931511
103 0.06 0.621652892562 0.378347107438 0.0574259613968 0.942574038603 0.0277128742183 0.747388326809
104 0.06 0.621696969697 0.378303030303 0.0557724895012 0.944227510499 0.0269130262265 0.748786635208
105 0.06 0.620958677686 0.379041322314 0.0568441204624 0.943155879538 0.0274627551744 0.746479993616
106 0.06 0.622181818182 0.377818181818 0.0582320441989 0.941767955801 0.0280779874133 0.747794575107
107 0.06 0.622269972452 0.377730027548 0.0582012532252 0.941798746775 0.0280591652185 0.747993549431
108 0.06 0.621256198347 0.378743801653 0.055037416596 0.944962583404 0.026577159347 0.748497463943
109 0.06 0.620661157025 0.379338842975 0.0555698766341 0.944430123366 0.0268600069483 0.746902254427
110 0.06 0.620385674931 0.379614325069 0.0573438420742 0.942656157926 0.0277297708787 0.744958313484
111 0.06 0.620561983471 0.379438016529 0.0541028285209 0.945897171479 0.0261550803765 0.747866948177
112 0.06 0.620584022039 0.379415977961 0.0550722500737 0.944927749926 0.0266227850466 0.747143877548
113 0.06 0.620517906336 0.379482093664 0.0539902640507 0.946009735949 0.0261025170262 0.747869070829
114 0.06 0.620396694215 0.379603305785 0.0567788496944 0.943221150306 0.0274560697488 0.745426451191
115 0.06 0.619779614325 0.380220385675 0.0556107614736 0.944389238526 0.0269180012645 0.745138299344
116 0.06 0.620297520661 0.379702479339 0.0542033361564 0.945796663844 0.0262148409518 0.747266648475
117 0.06 0.620209366391 0.379790633609 0.0548782733601 0.94512172664 0.0265450393048 0.746560059414
118 0.06 0.620539944904 0.379460055096 0.0554287817446 0.944571218255 0.0267970412863 0.746775218289
119 0.06 0.62026446281 0.37973553719 0.0538512469653 0.946148753035 0.0260459450094 0.747479753964
