000 0.530489 0.0059441
001 0.534492 0.00753276
002 0.538285 0.00410806
003 0.536605 0.00581547
004 0.530905 0.0168213
005 0.537116 0.0136069
006 0.543426 0.0029102
007 0.542779 0.00755583
008 0.557579 0.0131191
009 0.562559 0.0128349
010 0.557033 0.00717713
011 0.564086 0.0133686
012 0.56604 0.00829821
013 0.56683 0.0106714
014 0.560194 0.00671051
015 0.551461 0.005747
016 0.566907 0.00346207
017 0.573226 0.00282253
018 0.571243 0.00295826
019 0.569792 0.00275193
020 0.562596 0.00622596
021 0.563595 0.00760281
022 0.546068 0.020602
023 0.546274 0.0178335
024 0.555395 0.00916724
025 0.543569 0.0114867
026 0.538782 0.0120028
027 0.550155 0.00844819
028 0.578446 0.00580915
029 0.559614 0.0135601
030 0.57027 0.00389863
031 0.552136 0.0242426
032 0.555173 0.0181397
033 0.52771 0.016457
034 0.541252 0.0101102
035 0.539344 0.0142524
036 0.555341 0.00986926
037 0.537543 0.0127442
038 0.550117 0.0108111
039 0.546499 0.00905349
040 0.552357 0.0120693
041 0.555795 0.00997813
042 0.566253 0.00762177
043 0.549404 0.00853816
044 0.564541 0.00695582
045 0.542386 0.00832201
046 0.540778 0.00792832
047 0.547173 0.00725491
048 0.54809 0.0101517
049 0.55167 0.00845558
050 0.549845 0.00877944
051 0.552172 0.00966228
052 0.552607 0.00667378
053 0.542608 0.0110148
054 0.541802 0.00762534
055 0.533961 0.00812199
056 0.539218 0.0102371
057 0.539385 0.0084691
058 0.543849 0.00987463
059 0.543006 0.00850859
060 0.539739 0.0077216
061 0.548556 0.00806826
062 0.54302 0.0101988
063 0.534798 0.0070464
064 0.538072 0.00804033
065 0.538658 0.00953734
066 0.535892 0.0135539
067 0.537393 0.00887539
068 0.551701 0.0068342
069 0.54696 0.00664848
070 0.545446 0.00968514
071 0.544949 0.00716829
072 0.545025 0.00701103
073 0.541214 0.00682486
074 0.549186 0.00741303
075 0.532264 0.00760458
076 0.538831 0.00572622
077 0.531167 0.00629107
078 0.537834 0.00614471
079 0.544294 0.00587964
080 0.547724 0.00707562
081 0.537548 0.00737497
082 0.542465 0.00651845
083 0.546784 0.00640338
084 0.54889 0.00602069
085 0.541812 0.00736295
086 0.535104 0.00644642
087 0.536603 0.00746576
088 0.533393 0.00861823
089 0.540961 0.0101443
090 0.543011 0.0121209
091 0.553397 0.0121301
092 0.542648 0.0105668
093 0.542723 0.0152856
094 0.539029 0.00866759
095 0.546136 0.00876807
096 0.538803 0.0111245
097 0.543886 0.00898663
098 0.54877 0.00837131
099 0.542405 0.00727993
100 0.552231 0.00840914
101 0.542664 0.00950099
102 0.54135 0.00736797
103 0.551147 0.00809013
104 0.529187 0.0108648
105 0.544209 0.00901601
106 0.548494 0.00883192
107 0.541589 0.00695878
108 0.543383 0.00986395
109 0.550672 0.00911036
110 0.543815 0.0108826
111 0.541661 0.00843317
112 0.543956 0.0092071
113 0.544058 0.00639681
114 0.5442 0.00681694
115 0.543834 0.00715143
116 0.544226 0.00885603
117 0.532328 0.0084969
118 0.538904 0.00800175
119 0.537408 0.010659
120 0.534363 0.00664936
121 0.538391 0.0085857
122 0.540291 0.00713144
123 0.544854 0.0080704
124 0.543587 0.00829435
125 0.553922 0.00957593
126 0.553036 0.00604461
127 0.547935 0.00786676
128 0.564945 0.00741638
129 0.54419 0.00821323
130 0.555174 0.00765556
131 0.548103 0.00799442
132 0.547599 0.00734895
133 0.554375 0.00987389
134 0.549979 0.00895421
135 0.554421 0.00761289
136 0.5463 0.00822325
137 0.548857 0.00705853
138 0.552053 0.00654819
139 0.549324 0.00694177
140 0.536332 0.00790976
141 0.545237 0.00665505
142 0.558505 0.0077519
143 0.548874 0.00815099
144 0.538702 0.0080323
145 0.539467 0.00761227
146 0.537148 0.00813293
147 0.546432 0.0063357
148 0.542808 0.00793718
149 0.534826 0.00819805
150 0.53627 0.00872499
151 0.541665 0.00786275
152 0.547071 0.00748259
153 0.542968 0.007664
154 0.540722 0.00924021
155 0.531575 0.00842044
156 0.54464 0.00770394
157 0.54823 0.006283
158 0.542707 0.00669207
159 0.541022 0.0069089
160 0.542385 0.00769302
161 0.537318 0.00568214
162 0.545179 0.007929
163 0.545951 0.00649275
164 0.538676 0.00914778
165 0.539963 0.0075922
166 0.539072 0.00841116
167 0.542283 0.00651304
168 0.540819 0.00764044
169 0.546308 0.0078451
170 0.541171 0.00697485
171 0.549003 0.0071142
172 0.554421 0.00545971
173 0.546597 0.00658843
174 0.543635 0.00650923
175 0.544906 0.00573159
176 0.546194 0.00667019
177 0.549082 0.00601534
178 0.548266 0.00570046
179 0.550875 0.00620253
180 0.548146 0.00583064
181 0.54972 0.0055392
182 0.554252 0.00503025
183 0.544851 0.00559355
184 0.549707 0.00494834
185 0.543526 0.00494307
186 0.54627 0.00513753
187 0.544787 0.00586227
188 0.544446 0.00575167
189 0.546865 0.00548323
190 0.54951 0.00575564
191 0.548652 0.0052789
192 0.548354 0.00452419
193 0.551556 0.00569888
194 0.549505 0.00555303
195 0.54675 0.00624638
196 0.554024 0.0054264
197 0.54606 0.00492702
198 0.548811 0.00523936
199 0.547641 0.00518051
200 0.543579 0.00568565
201 0.543981 0.00505807
202 0.54156 0.00593284
203 0.544145 0.00564129
204 0.549352 0.00601691
205 0.550158 0.00582633
206 0.552716 0.00566667
207 0.538618 0.00885504
208 0.550618 0.00610271
209 0.540097 0.00647717
210 0.546593 0.00506195
211 0.544353 0.00725121
212 0.552959 0.00680819
213 0.541339 0.00834658
214 0.548154 0.00660515
215 0.542963 0.00764406
216 0.544434 0.00713226
217 0.546195 0.00718903
218 0.539856 0.00660467
219 0.540463 0.00657442
220 0.544548 0.00590569
221 0.549944 0.00586249
222 0.54729 0.00586118
223 0.543413 0.00618081
224 0.542462 0.00578433
225 0.548364 0.00602698
226 0.548816 0.00576666
227 0.541923 0.00656694
228 0.543412 0.00702995
229 0.540764 0.00614495
230 0.548708 0.00484451
231 0.541363 0.00562964
232 0.542124 0.0054767
233 0.547311 0.00451092
234 0.548437 0.00533285
235 0.54496 0.00607745
236 0.547758 0.00473861
237 0.547255 0.00501201
238 0.546809 0.00465862
239 0.545457 0.00457607
240 0.546504 0.00418086
241 0.545969 0.0044297
242 0.548618 0.00426442
243 0.547939 0.00389972
244 0.539253 0.00588006
245 0.54005 0.00613265
246 0.543964 0.00565738
247 0.545889 0.00493744
248 0.544219 0.0056777
249 0.539599 0.00577265
250 0.543072 0.00626074
251 0.542183 0.00682457
252 0.541127 0.00544376
253 0.542806 0.0055685
254 0.545744 0.0059192
255 0.536969 0.00594279
256 0.545604 0.00610671
257 0.552505 0.00447342
258 0.551798 0.00480471
259 0.550091 0.00482537
260 0.546402 0.00625726
261 0.546871 0.00455624
262 0.538099 0.0055884
263 0.540327 0.00655129
264 0.548856 0.00422136
265 0.547327 0.00493378
266 0.551176 0.00445943
267 0.549692 0.00437436
268 0.54736 0.00352386
269 0.547868 0.00421877
270 0.544598 0.00432444
271 0.539077 0.00484872
272 0.547312 0.0047076
273 0.547946 0.00450136
274 0.54866 0.00430161
275 0.541981 0.0045475
276 0.545281 0.00494434
277 0.544805 0.00430776
278 0.546632 0.0042608
279 0.543202 0.00448539
280 0.547261 0.00452091
281 0.54432 0.00440346
282 0.542458 0.00439718
283 0.545034 0.00436503
284 0.542572 0.0047846
285 0.548524 0.00447557
286 0.53949 0.00524282
287 0.53948 0.00481414
288 0.548456 0.00451912
289 0.548411 0.00416676
290 0.550348 0.00384971
291 0.54814 0.00440454
292 0.549139 0.0042846
293 0.542693 0.00491336
294 0.547667 0.00468421
295 0.548362 0.00418802
296 0.546999 0.00428655
297 0.545639 0.00472338
298 0.546888 0.00477347
299 0.545735 0.00449533
300 0.553688 0.0041777
301 0.548349 0.00426775
302 0.552541 0.00389933
303 0.548184 0.0048438
304 0.550364 0.00453073
305 0.550854 0.00421915
306 0.543315 0.00490334
307 0.551203 0.00391346
308 0.546443 0.00432452
309 0.544684 0.00435537
310 0.552087 0.00375744
311 0.55066 0.00389957
312 0.551214 0.00435392
313 0.55231 0.00401375
314 0.547835 0.00456638
315 0.546415 0.00440159
316 0.550747 0.00390744
317 0.55154 0.0040489
318 0.548814 0.00447002
319 0.547027 0.00541733
320 0.551 0.00359676
321 0.555548 0.00374688
322 0.549279 0.00385086
323 0.552037 0.0049935
324 0.549702 0.00415419
325 0.552344 0.00394921
326 0.556024 0.00353139
327 0.55139 0.00393642
328 0.549724 0.00396965
329 0.553165 0.00391573
330 0.548818 0.00410576
331 0.549553 0.00411939
332 0.546529 0.00438211
333 0.551941 0.00478598
334 0.547763 0.00420076
335 0.54677 0.00461515
336 0.550387 0.00394298
337 0.54735 0.00406908
338 0.5524 0.00373694
339 0.550477 0.00375324
340 0.546675 0.00373949
341 0.544986 0.00435954
342 0.546507 0.0042435
343 0.549073 0.00437919
344 0.544834 0.00442368
345 0.550862 0.00423944
346 0.54812 0.00426451
347 0.553096 0.00419466
348 0.552233 0.00446081
349 0.549705 0.00443458
350 0.550984 0.00436641
351 0.546254 0.00547277
352 0.548956 0.00432059
353 0.552427 0.00401715
354 0.552923 0.00369267
355 0.551458 0.00356937
356 0.549125 0.00383616
357 0.552846 0.00391745
358 0.551795 0.00382165
359 0.553787 0.00396321
360 0.552121 0.00410705
361 0.54906 0.00401356
362 0.548482 0.00396333
363 0.549584 0.00394792
364 0.549884 0.00384253
365 0.553232 0.00358581
366 0.544316 0.00527672
367 0.54603 0.00560779
368 0.550746 0.00419983
369 0.548447 0.00462846
370 0.549709 0.00432858
371 0.549406 0.00432965
372 0.549091 0.00364657
373 0.547859 0.00417282
374 0.548694 0.00445863
375 0.552509 0.00351277
376 0.550603 0.004078
377 0.551483 0.00430716
378 0.549044 0.00412858
379 0.550135 0.00399572
380 0.552798 0.00413153
381 0.548103 0.00407408
382 0.555534 0.0042984
383 0.554072 0.0040487
384 0.555997 0.00429688
385 0.551696 0.00438235
386 0.550091 0.00455584
387 0.549347 0.00416561
388 0.550032 0.00440328
389 0.547118 0.00468791
390 0.553125 0.00443948
391 0.550815 0.00467747
392 0.551504 0.00400484
393 0.550319 0.00451066
394 0.554848 0.00458175
395 0.554306 0.00441876
396 0.548992 0.00428117
397 0.556111 0.00376784
398 0.549883 0.00432274
399 0.552765 0.00441608
400 0.552563 0.00371432
401 0.54664 0.0046318
402 0.549044 0.00440577
403 0.54907 0.00464345
