000 0.549112 0.0188499
001 0.568515 0.0159986
002 0.554217 0.0206087
003 0.557748 0.019215
004 0.567031 0.0280169
005 0.545849 0.0159807
006 0.571336 0.0230679
007 0.566053 0.0175595
008 0.553314 0.0145113
009 0.565244 0.0166527
010 0.571224 0.0146442
011 0.56113 0.0145631
012 0.552685 0.0157078
013 0.549569 0.018824
014 0.560403 0.0188357
015 0.561963 0.016188
016 0.553294 0.0222687
017 0.549568 0.0159266
018 0.540226 0.0251194
019 0.560867 0.0164655
020 0.55679 0.021456
021 0.557671 0.0160912
022 0.546731 0.0162862
023 0.548828 0.021103
024 0.555325 0.0148313
025 0.56123 0.018909
026 0.553886 0.0164584
027 0.56119 0.0198155
028 0.551359 0.0161869
029 0.554687 0.0122512
030 0.564303 0.0153302
031 0.5638 0.0150234
032 0.562648 0.0136254
033 0.575526 0.0146687
034 0.561437 0.0112552
035 0.568104 0.0169763
036 0.563072 0.0125383
037 0.562126 0.0124346
038 0.562243 0.0134345
039 0.577195 0.012464
040 0.557359 0.0112831
041 0.57115 0.0176279
042 0.570363 0.017069
043 0.561264 0.0150905
044 0.573846 0.0135225
045 0.565842 0.015304
046 0.576174 0.0159288
047 0.568241 0.015486
048 0.561601 0.0145696
049 0.561065 0.0162893
050 0.567162 0.0162012
051 0.55128 0.0176261
052 0.566821 0.0175106
053 0.560411 0.0136685
054 0.550759 0.0136683
055 0.562639 0.0155752
056 0.570604 0.0158714
057 0.562086 0.0155895
058 0.556473 0.0161935
059 0.578799 0.0145256
060 0.562086 0.012807
061 0.559441 0.0184673
062 0.555981 0.0129847
063 0.565409 0.0160937
064 0.561857 0.0147945
065 0.551406 0.0192739
066 0.576534 0.015309
067 0.589062 0.0154085
068 0.572711 0.0113682
069 0.582162 0.0130314
070 0.574602 0.0163441
071 0.569755 0.0142129
072 0.579433 0.012381
073 0.577974 0.0127271
074 0.562658 0.0131146
075 0.5916 0.0148088
076 0.578931 0.0136268
077 0.581339 0.0133724
078 0.580109 0.0115715
079 0.580292 0.0127087
080 0.573767 0.0158038
081 0.579648 0.0159546
082 0.571732 0.014617
083 0.573086 0.0133568
084 0.57657 0.0145185
085 0.552536 0.0255822
086 0.565536 0.0113325
087 0.573324 0.0124934
088 0.571658 0.0114429
089 0.569203 0.013169
090 0.565614 0.0107073
091 0.567944 0.0119488
092 0.571149 0.0126327
093 0.571997 0.0117139
094 0.572004 0.0099901
095 0.566351 0.0103722
096 0.569571 0.0117685
097 0.559198 0.0162336
098 0.565612 0.00982632
099 0.569328 0.0109774
100 0.569217 0.0117213
101 0.553067 0.0154291
102 0.570314 0.0110299
103 0.563234 0.0171685
104 0.571309 0.0114831
105 0.567996 0.00910925
106 0.578053 0.0116107
107 0.556463 0.013554
108 0.566959 0.018221
109 0.575908 0.010591
110 0.562465 0.0150633
111 0.573599 0.0106837
112 0.575485 0.0148566
113 0.572848 0.00949747
114 0.570757 0.0113042
115 0.571464 0.0104242
116 0.560914 0.017307
117 0.565132 0.0146511
118 0.572761 0.01091
119 0.576698 0.0111972
120 0.571036 0.0121221
121 0.55907 0.0124543
122 0.555891 0.0160567
123 0.567174 0.0100798
124 0.571236 0.0124318
125 0.567772 0.0115037
126 0.562079 0.0097777
127 0.552354 0.0145799
128 0.568158 0.0104172
129 0.563782 0.00953477
130 0.57695 0.00994143
131 0.569578 0.0130583
132 0.564728 0.0110217
133 0.552999 0.015195
134 0.571644 0.0136908
135 0.568469 0.0118542
136 0.56337 0.0129929
137 0.570927 0.0121051
138 0.563102 0.0116149
139 0.56614 0.0100002
140 0.564316 0.0104665
141 0.559311 0.0127511
142 0.563477 0.0123057
143 0.544245 0.0178995
144 0.556367 0.0214362
145 0.56693 0.0111845
146 0.568927 0.0130284
147 0.572039 0.0114592
148 0.567307 0.0132431
149 0.567729 0.0155658
150 0.57137 0.0130964
151 0.568163 0.0124353
152 0.567127 0.0141013
153 0.566318 0.0129189
154 0.571386 0.0137417
155 0.578076 0.0123109
156 0.562013 0.0112321
157 0.573168 0.0116935
158 0.565697 0.0125009
159 0.564551 0.014091
160 0.56903 0.013123
161 0.569363 0.0111424
162 0.579602 0.0162122
163 0.562483 0.0127031
164 0.577241 0.0152845
165 0.572731 0.0137888
166 0.562253 0.0115443
167 0.589778 0.0117113
168 0.578936 0.0153193
169 0.581515 0.0152541
170 0.573381 0.0152583
171 0.569145 0.0155261
172 0.572723 0.0164145
173 0.578253 0.0131773
174 0.578945 0.0166796
175 0.575648 0.0167569
176 0.569258 0.0130767
177 0.56294 0.0130548
178 0.569021 0.0157677
179 0.567623 0.0127729
180 0.582142 0.0166825
181 0.581919 0.0166187
182 0.575223 0.0148345
183 0.573634 0.0120519
184 0.564271 0.0168756
185 0.576721 0.010766
186 0.580651 0.0175371
187 0.576988 0.0144216
188 0.572157 0.0127823
189 0.57884 0.0181041
190 0.594527 0.0119019
191 0.569076 0.0163935
192 0.577629 0.0158203
193 0.584751 0.012764
194 0.573304 0.0166859
195 0.582826 0.0155285
196 0.581699 0.0150403
197 0.574471 0.0153076
198 0.578189 0.0169673
199 0.588479 0.0220401
200 0.584979 0.0135267
201 0.587615 0.0132228
202 0.584625 0.0127716
203 0.576522 0.0148156
204 0.577042 0.0226783
205 0.580566 0.0178823
206 0.579391 0.0145588
207 0.58462 0.0244106
208 0.571426 0.0121849
209 0.566425 0.0160544
210 0.568338 0.0130037
211 0.546891 0.0179285
212 0.552686 0.0238667
213 0.547524 0.0156691
214 0.567405 0.0162612
215 0.555322 0.0141464
216 0.548816 0.0172407
217 0.566943 0.0161344
218 0.559295 0.0166671
219 0.580428 0.0112999
220 0.568863 0.0127092
221 0.571018 0.0114901
222 0.554733 0.0153004
223 0.565415 0.0140538
224 0.568331 0.0146573
225 0.580802 0.0132038
226 0.572033 0.011035
227 0.574926 0.0144316
228 0.579747 0.011997
229 0.576634 0.016638
230 0.568832 0.0147941
231 0.572394 0.0173409
232 0.569264 0.0152464
233 0.570281 0.0130049
234 0.577531 0.0157932
235 0.576245 0.0132909
236 0.576778 0.0140645
237 0.567856 0.0129172
238 0.57659 0.0167779
239 0.582041 0.0194295
240 0.578995 0.0156675
241 0.582131 0.0153896
242 0.579609 0.0174522
243 0.569432 0.0153737
244 0.57661 0.0154509
245 0.581575 0.0137509
246 0.562754 0.0164852
247 0.577977 0.0157655
248 0.578334 0.0125712
249 0.565338 0.0159213
250 0.573256 0.0139111
251 0.579141 0.018065
252 0.579891 0.0116295
253 0.575172 0.0127502
254 0.578632 0.0165398
255 0.577565 0.015725
256 0.587612 0.0117406
257 0.579131 0.0160143
258 0.564975 0.0137801
259 0.57047 0.012481
260 0.575829 0.0137895
261 0.573466 0.0141124
262 0.57359 0.0150591
263 0.586465 0.0144844
264 0.567858 0.0133968
265 0.571302 0.0126529
266 0.579208 0.0141527
267 0.559653 0.0145039
268 0.571699 0.0151342
269 0.583969 0.0140142
270 0.57203 0.0111391
271 0.565989 0.0148359
272 0.579605 0.0108425
273 0.581715 0.015989
274 0.583756 0.0146711
275 0.567827 0.0137964
276 0.574128 0.0110543
277 0.578717 0.0130753
278 0.565935 0.0138442
279 0.575918 0.0128763
280 0.563828 0.013944
281 0.574026 0.0099298
282 0.575715 0.0138686
283 0.566388 0.0165626
284 0.568622 0.0115715
285 0.586614 0.0123503
286 0.570719 0.0112218
287 0.580649 0.0140529
288 0.575644 0.0150841
289 0.574191 0.0133363
290 0.565162 0.0179481
291 0.580325 0.0096697
292 0.573528 0.0109094
293 0.562854 0.0155636
294 0.577885 0.0119939
295 0.578382 0.0146469
296 0.581842 0.0122301
297 0.565469 0.0133221
298 0.583016 0.0126817
299 0.565325 0.0161607
300 0.57904 0.0111839
301 0.575801 0.0151725
302 0.581167 0.0111634
303 0.5621 0.0150645
304 0.573085 0.0116433
305 0.576753 0.01012
306 0.572155 0.00779777
307 0.560435 0.0143343
308 0.574074 0.0122409
309 0.571928 0.0103475
310 0.562893 0.0144663
311 0.587508 0.0151336
312 0.566358 0.0135963
313 0.583037 0.012059
314 0.573792 0.0131916
315 0.579016 0.0121856
316 0.574828 0.0118403
317 0.561526 0.0115663
318 0.55724 0.0115796
319 0.557131 0.015926
320 0.562976 0.0128658
321 0.561703 0.0126723
322 0.57315 0.0141475
323 0.558469 0.0120276
324 0.559827 0.0129443
325 0.546637 0.0110377
326 0.562649 0.0101623
327 0.561648 0.0120376
328 0.556424 0.0121939
329 0.558896 0.0120704
330 0.552548 0.0160239
331 0.562079 0.0129358
332 0.567699 0.0129123
333 0.577694 0.00871154
334 0.567937 0.0147513
335 0.564448 0.015224
336 0.574919 0.00931064
337 0.555295 0.0183136
338 0.560003 0.0123142
339 0.564851 0.012923
340 0.565447 0.00950896
341 0.571193 0.00968015
342 0.57042 0.0117234
343 0.565134 0.0130221
344 0.547292 0.0110841
345 0.5659 0.0109394
346 0.550793 0.0122963
347 0.559198 0.00968127
348 0.561301 0.00918228
349 0.550875 0.0130703
350 0.556807 0.0099145
351 0.55676 0.00911028
352 0.557108 0.0095594
353 0.552833 0.00935362
354 0.55952 0.0127393
355 0.556438 0.0104693
356 0.558872 0.00966177
357 0.554578 0.00953511
358 0.558474 0.00981222
359 0.567892 0.00788409
360 0.561119 0.0105134
361 0.554272 0.0102633
362 0.554131 0.00972418
363 0.56134 0.0104099
364 0.555178 0.0112822
365 0.564754 0.0101331
366 0.563036 0.0137078
367 0.568258 0.01041
368 0.572462 0.0119796
369 0.554802 0.0114366
370 0.562555 0.00938692
371 0.560447 0.00820963
372 0.579615 0.00970577
373 0.551088 0.0129324
374 0.56015 0.0156894
375 0.559042 0.0153361
376 0.575804 0.0145796
377 0.572436 0.0138581
378 0.562915 0.0127037
379 0.55392 0.0137028
380 0.546957 0.0130194
381 0.548219 0.0108046
382 0.560892 0.00977317
383 0.564783 0.01025
384 0.552579 0.011245
385 0.563417 0.0106987
386 0.566648 0.0114571
387 0.566194 0.00973409
388 0.557326 0.0127525
389 0.559238 0.0123199
390 0.552391 0.010489
391 0.577318 0.0118064
392 0.557925 0.0134723
393 0.551971 0.0116287
394 0.569491 0.0129967
395 0.56501 0.0104686
396 0.560057 0.011772
397 0.545044 0.0166936
398 0.560931 0.0144229
399 0.556186 0.0152376
400 0.580394 0.0182619
401 0.565744 0.0140736
402 0.563928 0.0110863
403 0.568533 0.0143061
404 0.548904 0.0172946
405 0.563655 0.0113278
406 0.558404 0.0198191
407 0.54952 0.0139504
408 0.558347 0.0107016
409 0.55899 0.020135
410 0.556916 0.012069
411 0.563704 0.0129242
412 0.574682 0.015099
413 0.563694 0.0162332
414 0.564413 0.0104212
415 0.556872 0.0172817
416 0.568961 0.00835229
417 0.576699 0.0128663
418 0.579329 0.00840453
419 0.553316 0.0158399
420 0.557007 0.0172514
421 0.56957 0.0240741
422 0.567818 0.0140939
423 0.549398 0.0173029
424 0.564192 0.0156009
425 0.567373 0.0134936
426 0.56816 0.0104149
427 0.555791 0.0146644
428 0.561362 0.0132342
429 0.574328 0.010791
430 0.559357 0.0125327
431 0.559565 0.0148424
432 0.554406 0.0137722
433 0.56344 0.0122269
434 0.570599 0.0099992
435 0.545622 0.0128844
436 0.567269 0.0142857
437 0.557771 0.0189127
438 0.575286 0.0163372
439 0.561589 0.00996663
440 0.567433 0.0184936
441 0.578582 0.0102868
442 0.565549 0.0200263
443 0.562164 0.0112473
444 0.571577 0.012859
445 0.567103 0.0127672
446 0.572504 0.0103829
447 0.567872 0.0106836
448 0.558548 0.0138144
449 0.556994 0.0147451
450 0.564107 0.0146077
451 0.56225 0.0108266
452 0.555774 0.0125711
453 0.571264 0.0148087
454 0.5629 0.0103364
455 0.553652 0.0160257
456 0.567438 0.0146195
457 0.552007 0.0157741
458 0.573568 0.00955686
459 0.576126 0.0101998
460 0.55699 0.0143787
461 0.566712 0.0195922
462 0.550138 0.014674
463 0.572117 0.0148468
464 0.57474 0.0149051
465 0.578556 0.0167721
466 0.58147 0.00933489
467 0.557863 0.0139207
468 0.586245 0.0130907
469 0.558241 0.0144411
470 0.559845 0.0129551
471 0.563927 0.0121776
472 0.554625 0.0158799
473 0.569107 0.0148692
474 0.55792 0.0168734
475 0.56361 0.0136192
476 0.577536 0.0100577
477 0.5598 0.0162531
478 0.552611 0.0121889
479 0.557042 0.0151278
480 0.555508 0.016585
481 0.569904 0.0167307
482 0.576399 0.0100818
483 0.5645 0.0152333
484 0.567827 0.0179482
485 0.566558 0.0186912
486 0.569537 0.0125889
487 0.562471 0.0127507
488 0.570423 0.014795
489 0.568518 0.0178857
490 0.564929 0.0146747
491 0.562761 0.0156431
492 0.561205 0.0121887
493 0.576373 0.0114915
494 0.571336 0.0152833
495 0.570738 0.0145651
496 0.570516 0.0113963
497 0.579114 0.0129012
498 0.562535 0.0119422
499 0.571587 0.013825
500 0.567914 0.0112209
501 0.551317 0.0146249
502 0.561434 0.0148253
503 0.573964 0.0104754
504 0.565961 0.0118059
505 0.559064 0.0164344
506 0.556126 0.0133072
507 0.562952 0.0166252
508 0.567869 0.0114134
509 0.562586 0.0111358
510 0.575781 0.0138696
511 0.559663 0.0152586
512 0.564261 0.0149229
513 0.569647 0.0115024
514 0.582318 0.0106887
515 0.561097 0.0158758
516 0.557031 0.0165109
517 0.560222 0.0153305
518 0.562599 0.0140518
519 0.554709 0.0161266
520 0.563474 0.0121861
521 0.561867 0.013703
522 0.564719 0.0114278
523 0.558288 0.0120156
524 0.560986 0.0100181
525 0.553055 0.0140279
526 0.556836 0.0130646
527 0.563595 0.0096737
528 0.555173 0.0131486
529 0.553684 0.012071
530 0.558831 0.0117005
531 0.563636 0.0125579
532 0.575249 0.0108502
533 0.559992 0.0127013
534 0.554045 0.0138769
535 0.560226 0.0112678
536 0.556387 0.0123722
537 0.570464 0.0124643
538 0.557767 0.0109466
539 0.555205 0.0134558
540 0.548557 0.0111241
541 0.564455 0.0122187
542 0.553842 0.014482
543 0.565135 0.0107342
544 0.560941 0.012914
545 0.565988 0.0126522
546 0.547197 0.0135289
547 0.555905 0.0114072
548 0.552974 0.0161006
549 0.553564 0.0124499
550 0.552829 0.0126672
551 0.545514 0.0114364
552 0.551268 0.0137241
553 0.559928 0.0136044
554 0.561996 0.0122319
555 0.557004 0.0153643
556 0.557903 0.0139025
557 0.548471 0.012384
558 0.545513 0.0121619
559 0.551449 0.013289
560 0.558059 0.014201
561 0.562263 0.0140152
562 0.556086 0.0101301
563 0.547185 0.0118419
564 0.551674 0.0138306
565 0.560593 0.0116179
566 0.565987 0.0129007
567 0.556244 0.0137558
568 0.560737 0.0133291
569 0.559851 0.0130764
570 0.554444 0.0125603
571 0.565497 0.0119002
572 0.562905 0.0113897
573 0.551351 0.0118119
574 0.561755 0.0127559
575 0.563021 0.0126772
576 0.548568 0.00959332
577 0.568067 0.0106338
578 0.564727 0.0110507
579 0.547859 0.0127037
580 0.553654 0.0127563
581 0.561129 0.0120983
582 0.559229 0.0118562
583 0.559678 0.0125387
584 0.565796 0.012765
585 0.553561 0.0116509
586 0.540626 0.0128268
587 0.555567 0.0124526
588 0.553114 0.0130951
589 0.554237 0.0128382
590 0.555175 0.0106261
591 0.552662 0.0115283
592 0.554335 0.0132792
593 0.551059 0.0115363
594 0.556148 0.0132709
595 0.551721 0.0116129
596 0.549072 0.0113798
597 0.549856 0.013387
598 0.561618 0.0134543
599 0.56235 0.0106171
600 0.547354 0.0112919
601 0.5535 0.0110857
602 0.557121 0.0128767
603 0.55951 0.0128279
604 0.561595 0.0118533
605 0.558199 0.0128866
606 0.553995 0.0119674
607 0.557097 0.0124715
608 0.550481 0.0104552
609 0.573454 0.00932546
610 0.567149 0.0131386
611 0.5539 0.0122155
612 0.553208 0.0109213
613 0.566284 0.0109733
614 0.558756 0.0100456
615 0.565137 0.0105056
616 0.562462 0.0100911
617 0.564882 0.0104963
618 0.565545 0.0121468
619 0.566951 0.0120411
620 0.560331 0.010771
621 0.555011 0.0117467
622 0.558997 0.015981
623 0.559146 0.01125
624 0.571023 0.0125063
625 0.576108 0.00980539
626 0.549425 0.0109473
627 0.558827 0.0120469
628 0.564654 0.0132572
629 0.563231 0.0109055
630 0.567798 0.0126647
631 0.553613 0.0111195
632 0.56592 0.0112707
633 0.569998 0.0113272
634 0.5795 0.00768744
635 0.58069 0.0120717
636 0.565263 0.0107305
637 0.561143 0.0149406
638 0.558961 0.0127052
639 0.564433 0.0117512
640 0.558145 0.011413
641 0.563431 0.0113634
642 0.563825 0.0120767
643 0.564939 0.0141085
644 0.559414 0.0128751
645 0.56276 0.0115468
646 0.562995 0.0115279
647 0.567111 0.0118767
648 0.566139 0.0123314
649 0.559605 0.0128196
650 0.571166 0.0115743
651 0.55114 0.0136666
652 0.554242 0.0141349
653 0.56083 0.0113138
654 0.561835 0.0126737
655 0.56172 0.0131283
656 0.561672 0.0144273
657 0.566143 0.0148089
658 0.565018 0.0128994
659 0.565881 0.0129223
660 0.555714 0.0123806
661 0.566907 0.0124774
662 0.56184 0.0130726
663 0.558751 0.0120038
664 0.551703 0.0114453
665 0.556603 0.0134351
666 0.561854 0.0129552
667 0.564103 0.0125838
668 0.568907 0.013256
669 0.56052 0.0125945
670 0.560529 0.0123199
671 0.563166 0.0119413
672 0.562275 0.0117022
673 0.561861 0.0102625
674 0.56982 0.0110725
675 0.56471 0.0156419
676 0.569367 0.0148711
677 0.57452 0.010782
678 0.564524 0.012109
679 0.563243 0.0104215
680 0.561178 0.0146088
681 0.56065 0.0106487
682 0.565996 0.0110622
683 0.5598 0.0115502
684 0.569781 0.00899277
685 0.567331 0.0102319
686 0.560376 0.00979409
687 0.559381 0.0113781
688 0.573016 0.00932434
689 0.561992 0.0120413
690 0.557473 0.0107293
691 0.565259 0.0103457
692 0.563034 0.0109577
693 0.569491 0.00922845
694 0.561115 0.0111962
695 0.565712 0.0123522
696 0.562914 0.0112253
697 0.554513 0.0104351
698 0.557671 0.00951112
699 0.562175 0.00927952
700 0.568334 0.0125645
701 0.5642 0.0104288
702 0.571507 0.0116671
703 0.560265 0.0136395
704 0.56234 0.0115257
705 0.564044 0.00976801
706 0.558465 0.0127118
707 0.558681 0.0110037
708 0.557397 0.0106886
709 0.563169 0.00954212
710 0.564716 0.0119236
711 0.559435 0.0114656
712 0.56783 0.0115069
713 0.564477 0.0111184
714 0.559701 0.0120626
715 0.572285 0.00919769
716 0.567704 0.010519
717 0.554071 0.0111199
718 0.563571 0.0114367
719 0.566263 0.00949186
720 0.559826 0.0113193
721 0.562851 0.0106717
722 0.56021 0.0111205
723 0.557693 0.0124162
724 0.560383 0.0126138
725 0.557196 0.0105673
726 0.569439 0.0129387
727 0.567965 0.0123404
728 0.563084 0.0107541
729 0.556568 0.0125867
730 0.569668 0.0097121
731 0.575695 0.0114628
732 0.571541 0.0117906
733 0.566539 0.0115464
734 0.55984 0.0121233
735 0.550078 0.0123906
736 0.555871 0.0128962
737 0.560637 0.0127214
738 0.561711 0.00978938
739 0.559711 0.0123055
740 0.565754 0.0114267
741 0.563012 0.0118447
742 0.567006 0.0113485
743 0.564899 0.0107407
744 0.555761 0.0108319
745 0.565593 0.010998
746 0.568912 0.0108399
747 0.558543 0.0121177
748 0.562224 0.0115828
749 0.561911 0.0122035
750 0.555011 0.0136738
751 0.559411 0.0111039
752 0.568558 0.0109234
753 0.56294 0.0127985
754 0.559123 0.0111932
755 0.560428 0.0104825
756 0.555101 0.0116731
757 0.56375 0.011029
758 0.574485 0.0115749
759 0.558833 0.012132
760 0.557379 0.012516
761 0.566311 0.0108523
762 0.55664 0.0101328
763 0.561449 0.012028
764 0.553087 0.0118859
765 0.561285 0.0117384
766 0.563298 0.011723
767 0.561083 0.0117711
768 0.558149 0.0106315
769 0.561911 0.00996004
770 0.55796 0.0119866
771 0.560918 0.0120117
772 0.560695 0.0112925
773 0.562888 0.0116282
774 0.567778 0.0114813
775 0.555053 0.0115233
776 0.55573 0.0115793
777 0.556109 0.0110807
778 0.556907 0.01109
779 0.557294 0.0127192
780 0.556205 0.0127058
781 0.554328 0.00976915
782 0.558457 0.0108287
783 0.553065 0.0103912
784 0.557102 0.0108298
785 0.554083 0.0114977
786 0.556023 0.0100533
787 0.560903 0.0106491
788 0.555578 0.0105873
789 0.559168 0.0119286
790 0.556115 0.0116929
791 0.56244 0.0101296
792 0.56205 0.0105315
793 0.55947 0.011214
794 0.556361 0.00951929
795 0.555007 0.00965492
796 0.552981 0.0112103
797 0.560166 0.0114899
798 0.55591 0.0107543
799 0.558891 0.00971369
800 0.568602 0.00948534
801 0.55948 0.00897358
802 0.55888 0.0106331
803 0.564373 0.0105049
804 0.561988 0.0113112
805 0.560129 0.00833431
806 0.557727 0.0111232
807 0.561565 0.0104357
808 0.54964 0.0108081
809 0.558338 0.00952682
810 0.559451 0.00993972
811 0.558249 0.0111783
812 0.568717 0.0102337
813 0.568936 0.00953715
814 0.565844 0.0113071
815 0.565287 0.00990162
816 0.571766 0.00958591
817 0.558339 0.0104014
818 0.557625 0.00944155
819 0.565116 0.00946015
820 0.563293 0.00976961
821 0.56403 0.0104708
822 0.565019 0.0102164
823 0.561989 0.00829334
824 0.56179 0.00853328
825 0.558728 0.0095357
826 0.563126 0.0102041
827 0.558195 0.0114283
828 0.566764 0.010796
829 0.570141 0.00986816
830 0.563291 0.0103411
831 0.574805 0.00887524
832 0.564666 0.00945942
833 0.56165 0.0110165
834 0.556874 0.010241
835 0.563435 0.010691
836 0.573162 0.0103632
837 0.555631 0.0105084
838 0.573167 0.00900577
839 0.560467 0.00934066
840 0.559216 0.0114822
841 0.562972 0.00946785
842 0.565733 0.00965821
843 0.572193 0.0104133
844 0.56063 0.0101083
845 0.557116 0.00910067
846 0.559916 0.010612
847 0.558294 0.010027
848 0.561508 0.0101741
849 0.56618 0.00909666
850 0.558967 0.0104567
851 0.562715 0.00962486
852 0.570261 0.00969073
853 0.560841 0.010127
854 0.559376 0.00945928
855 0.572962 0.00911762
856 0.563709 0.0106542
857 0.563203 0.00783735
858 0.564348 0.00963048
859 0.559409 0.00993154
860 0.566082 0.00985215
861 0.563651 0.00873419
862 0.562917 0.0101561
863 0.55505 0.00987435
864 0.562326 0.0103052
865 0.564658 0.00982638
866 0.563074 0.00980197
867 0.558053 0.0103284
868 0.562422 0.00982888
869 0.566389 0.00964076
870 0.558581 0.00849281
871 0.561909 0.00905899
872 0.558374 0.0117579
873 0.564681 0.0101453
874 0.558751 0.00913891
875 0.561113 0.00951833
876 0.566287 0.0100922
877 0.563438 0.00937644
878 0.564548 0.00934787
879 0.557178 0.00905379
880 0.562443 0.00964424
881 0.558707 0.00863793
882 0.561307 0.0100476
883 0.569338 0.0102427
884 0.568442 0.00973218
885 0.571972 0.0105357
886 0.564554 0.00829888
887 0.571706 0.00941889
888 0.559629 0.0108949
889 0.563359 0.0101702
890 0.568779 0.0110298
891 0.568058 0.00869163
892 0.558331 0.0111495
893 0.566056 0.00976113
894 0.564817 0.0102099
895 0.563666 0.0127361
896 0.564906 0.0111651
897 0.567265 0.0102781
898 0.570505 0.0105643
899 0.564524 0.0102409
