000 0.530291 0.00589251
001 0.534279 0.00752976
002 0.538191 0.00408184
003 0.536418 0.00576171
004 0.528639 0.0178122
005 0.535303 0.0142835
006 0.543378 0.00292911
007 0.542467 0.0074634
008 0.556625 0.0134845
009 0.561657 0.0131662
010 0.556758 0.00711995
011 0.563122 0.01354
012 0.565431 0.00831223
013 0.566226 0.0106865
014 0.559876 0.00663072
015 0.551281 0.00577468
016 0.566865 0.00346181
017 0.57317 0.0028483
018 0.571198 0.00293955
019 0.569752 0.00274246
020 0.562393 0.00614102
021 0.563181 0.00767675
022 0.542669 0.0223812
023 0.543105 0.0193208
024 0.554636 0.00918291
025 0.541755 0.0122383
026 0.536538 0.0125575
027 0.549495 0.00859433
028 0.57833 0.00580798
029 0.558228 0.0142637
030 0.570163 0.00390254
031 0.547416 0.0266537
032 0.552644 0.0192717
033 0.525217 0.0159119
034 0.539378 0.0100063
035 0.537418 0.014532
036 0.553726 0.0100728
037 0.53546 0.0125049
038 0.548199 0.0108143
039 0.545131 0.00915973
040 0.550144 0.0126436
041 0.55435 0.010045
042 0.565638 0.00761528
043 0.547919 0.00867095
044 0.56394 0.00696086
045 0.540975 0.00834768
046 0.539369 0.00799952
047 0.545893 0.00742093
048 0.546385 0.0102067
049 0.550236 0.00848986
050 0.548145 0.00886689
051 0.550451 0.00981382
052 0.55168 0.00696967
053 0.541017 0.0111716
054 0.540393 0.0076851
055 0.532339 0.00818824
056 0.536898 0.0101608
057 0.53821 0.00829956
058 0.541874 0.00988698
059 0.540713 0.00859337
060 0.538388 0.0078577
061 0.547465 0.00822656
062 0.540518 0.011089
063 0.533487 0.00709069
064 0.536424 0.00786552
065 0.536248 0.0104814
066 0.531927 0.0141987
067 0.534975 0.00974211
068 0.550681 0.0068622
069 0.545714 0.00682859
070 0.543159 0.009882
071 0.544217 0.00694997
072 0.543734 0.00716206
073 0.539344 0.00706709
074 0.547921 0.00719932
075 0.530981 0.00747961
076 0.537819 0.00560334
077 0.530349 0.00627954
078 0.536797 0.00604772
079 0.543299 0.00575213
080 0.546283 0.00696273
081 0.535748 0.0072849
082 0.540918 0.00642336
083 0.545431 0.00641611
084 0.547786 0.005914
085 0.540016 0.00733602
086 0.533324 0.00641603
087 0.534839 0.00745009
088 0.531049 0.00851152
089 0.538133 0.0100306
090 0.539996 0.0122309
091 0.550682 0.0123664
092 0.539507 0.0107117
093 0.53929 0.0151781
094 0.536841 0.00849067
095 0.544189 0.00863975
096 0.536513 0.0110862
097 0.54134 0.00905438
098 0.546842 0.00841076
099 0.540666 0.00718993
100 0.550351 0.00821304
101 0.540186 0.00941786
102 0.539929 0.00745675
103 0.549487 0.00806094
104 0.526214 0.0111264
105 0.54209 0.00911781
106 0.546186 0.00893646
107 0.540502 0.00704924
108 0.541421 0.00980117
109 0.548351 0.00932514
110 0.540613 0.0114067
111 0.539295 0.00894806
112 0.542223 0.00929657
113 0.542388 0.00644686
114 0.542306 0.00686705
115 0.541984 0.00702329
116 0.542265 0.0085997
117 0.529823 0.00824371
118 0.536956 0.00770951
119 0.533944 0.0108965
120 0.532739 0.00651272
121 0.536327 0.00862107
122 0.538403 0.00714633
123 0.542675 0.00815981
124 0.541469 0.00865249
125 0.551012 0.00987554
126 0.55192 0.00599844
127 0.54598 0.00799332
128 0.563361 0.00754206
129 0.541858 0.00811038
130 0.553468 0.00771548
131 0.545606 0.0081298
132 0.545345 0.00728245
133 0.551675 0.0100683
134 0.547452 0.00910773
135 0.552611 0.0077426
136 0.543778 0.00834931
137 0.546395 0.00706678
138 0.550495 0.00655743
139 0.547247 0.00713334
140 0.533385 0.00798038
141 0.543222 0.00659145
142 0.556522 0.00792604
143 0.546535 0.0082722
144 0.535993 0.00788785
145 0.536656 0.00796675
146 0.534676 0.00814081
147 0.544858 0.00645857
148 0.540348 0.00799061
149 0.531718 0.00843018
150 0.533572 0.00869385
151 0.539223 0.00799019
152 0.545297 0.00761778
153 0.540755 0.00781859
154 0.537768 0.00956519
155 0.528759 0.00844536
156 0.542516 0.00788793
157 0.546769 0.00636652
158 0.541126 0.006741
159 0.538749 0.00741254
160 0.540501 0.00779777
161 0.535892 0.00561458
162 0.54354 0.00804207
163 0.54436 0.00668906
164 0.535594 0.0095233
165 0.537605 0.00760773
166 0.536566 0.00893352
167 0.540787 0.00654731
168 0.538585 0.00790521
169 0.544101 0.00808365
170 0.538922 0.00726166
171 0.54668 0.00781107
172 0.553432 0.00557698
173 0.544462 0.00710069
174 0.541557 0.00693814
175 0.543209 0.00597602
176 0.544333 0.00692476
177 0.547523 0.00619131
178 0.54644 0.00605252
179 0.549054 0.00646839
180 0.546214 0.00604885
181 0.547945 0.00568243
182 0.553109 0.00503071
183 0.543112 0.00584215
184 0.548232 0.00496377
185 0.541927 0.00501487
186 0.544795 0.00522455
187 0.542847 0.00600441
188 0.542464 0.00606414
189 0.545067 0.00560017
190 0.54768 0.00603104
191 0.547145 0.00540244
192 0.547181 0.0045821
193 0.549845 0.00591254
194 0.547743 0.00581414
195 0.544737 0.0065184
196 0.552317 0.00561963
197 0.544524 0.00500581
198 0.54723 0.00533504
199 0.545968 0.0051975
200 0.5415 0.00602211
201 0.542432 0.0052026
202 0.539582 0.00622254
203 0.542301 0.00592523
204 0.546803 0.00647175
205 0.548247 0.00581584
206 0.551053 0.00579157
207 0.533362 0.0103813
208 0.548605 0.00625649
209 0.537239 0.00680301
210 0.544653 0.00524223
211 0.541195 0.00763531
212 0.55083 0.00691411
213 0.536625 0.0103042
214 0.545911 0.00664181
215 0.539719 0.00793978
216 0.541359 0.00756645
217 0.54353 0.00749753
218 0.536959 0.0067513
219 0.538058 0.00659221
220 0.542377 0.00588261
221 0.547821 0.00585495
222 0.545015 0.00607009
223 0.540936 0.00640541
224 0.540284 0.00583094
225 0.545781 0.00635448
226 0.546687 0.00596284
227 0.539315 0.00672007
228 0.540419 0.00745928
229 0.538011 0.00637459
230 0.547053 0.00493031
231 0.538947 0.005804
232 0.540118 0.00567894
233 0.545788 0.0046174
234 0.546319 0.00558817
235 0.542448 0.00644485
236 0.546061 0.00490242
237 0.545368 0.00514972
238 0.545276 0.00473311
239 0.543599 0.00471344
240 0.544956 0.00421489
241 0.544287 0.00450589
242 0.547056 0.0043672
243 0.546598 0.00392626
244 0.535627 0.00685628
245 0.536436 0.00712221
246 0.540689 0.00676916
247 0.544101 0.00506454
248 0.540962 0.00670657
249 0.536505 0.006628
250 0.539737 0.00747567
251 0.538281 0.00799463
252 0.538009 0.00650791
253 0.53984 0.00646004
254 0.542436 0.00733711
255 0.533573 0.00701752
256 0.54214 0.00763465
257 0.550861 0.00461538
258 0.550262 0.00489675
259 0.54847 0.00499108
260 0.54307 0.00731027
261 0.54504 0.00477714
262 0.534743 0.00650693
263 0.536119 0.00796371
264 0.54728 0.00435895
265 0.545177 0.00530043
266 0.549753 0.0045081
267 0.548083 0.00449169
268 0.546241 0.00354663
269 0.546205 0.00431831
270 0.542983 0.00442161
271 0.537127 0.00492259
272 0.545556 0.0047467
273 0.546326 0.00458783
274 0.546954 0.00444237
275 0.539886 0.00471192
276 0.54311 0.00509488
277 0.54287 0.00436862
278 0.544875 0.00433147
279 0.541205 0.00456384
280 0.545127 0.00480398
281 0.542309 0.00451864
282 0.540422 0.00448564
283 0.543099 0.00439242
284 0.540184 0.00492252
285 0.546724 0.00449984
286 0.536764 0.00538537
287 0.53699 0.0049769
288 0.546607 0.00457476
289 0.546734 0.00432907
290 0.548894 0.0039219
291 0.546316 0.00453965
292 0.547588 0.00432226
293 0.54012 0.00538199
294 0.545578 0.00478919
295 0.54655 0.00439732
296 0.545133 0.00432646
297 0.543392 0.00499173
298 0.544678 0.00495781
299 0.54359 0.00456354
300 0.551923 0.00450496
301 0.546519 0.00435167
302 0.551004 0.00395517
303 0.54604 0.00505189
304 0.548455 0.00463352
305 0.549029 0.00459219
306 0.541 0.00513126
307 0.549841 0.00399609
308 0.544591 0.00449617
309 0.542585 0.00451955
310 0.550682 0.00381996
311 0.549147 0.00395299
312 0.549535 0.00451961
313 0.550684 0.00406373
314 0.545484 0.00496429
315 0.544308 0.0046793
316 0.549158 0.00399574
317 0.549978 0.00416837
318 0.546503 0.00474064
319 0.543278 0.0068202
320 0.549656 0.00361074
321 0.554291 0.00380584
322 0.547844 0.00386293
323 0.549671 0.00547579
324 0.547931 0.00425897
325 0.550766 0.00409082
326 0.554703 0.00358699
327 0.549847 0.00400034
328 0.548007 0.0040277
329 0.551444 0.00405053
330 0.54697 0.00411537
331 0.547472 0.00441753
332 0.54435 0.00452933
333 0.549855 0.00501635
334 0.545757 0.00436116
335 0.544154 0.0050145
336 0.548805 0.00393918
337 0.545222 0.00456999
338 0.550796 0.00389764
339 0.548851 0.00384527
340 0.544939 0.00384478
341 0.542765 0.00454976
342 0.544606 0.00437508
343 0.546954 0.00458058
344 0.542832 0.00456757
345 0.549055 0.00443413
346 0.545956 0.00441515
347 0.551514 0.00425451
348 0.550194 0.00458255
349 0.547501 0.00455296
350 0.548968 0.00454955
351 0.542544 0.00682308
352 0.547129 0.00437747
353 0.550851 0.00408964
354 0.551354 0.00372459
355 0.550126 0.0036094
356 0.547338 0.00393619
357 0.551255 0.00400597
358 0.550199 0.00390252
359 0.552305 0.0040559
360 0.550458 0.0042138
361 0.547324 0.00409171
362 0.546718 0.00406545
363 0.548052 0.00401957
364 0.548278 0.00389613
365 0.551869 0.0036894
366 0.540425 0.00669107
367 0.542112 0.00732252
368 0.548938 0.00439865
369 0.54629 0.0049137
370 0.547897 0.00442088
371 0.547464 0.00456718
372 0.547529 0.0036736
373 0.545865 0.00421754
374 0.546385 0.00465445
375 0.550984 0.00357756
376 0.548759 0.00414608
377 0.549262 0.00451508
378 0.546935 0.00425033
379 0.548141 0.00409403
380 0.550899 0.00438045
381 0.546215 0.00416271
382 0.553476 0.00459183
383 0.551996 0.0042441
384 0.554063 0.00446825
385 0.549634 0.0046355
386 0.547824 0.00480488
387 0.547265 0.004358
388 0.547633 0.00460765
389 0.544208 0.00508229
390 0.55094 0.00470272
391 0.54826 0.00493094
392 0.549752 0.00416182
393 0.548191 0.00481081
394 0.552568 0.00493478
395 0.552195 0.00465184
396 0.546905 0.00454235
397 0.554574 0.00391675
398 0.547831 0.0045834
399 0.550691 0.00472746
400 0.550903 0.00392829
401 0.544186 0.00490543
402 0.546862 0.00460808
403 0.546732 0.00484682
