000 0.547428 0.00852069
001 0.561704 0.00881321
002 0.555182 0.00864524
003 0.55932 0.00923006
004 0.560213 0.00709209
005 0.565418 0.00913147
006 0.558373 0.00841659
007 0.556474 0.00977372
008 0.559189 0.0094099
009 0.563178 0.00929369
010 0.558526 0.00876135
011 0.566244 0.0102151
012 0.561908 0.0101019
013 0.556786 0.00941051
014 0.559702 0.00940903
015 0.561585 0.0100065
016 0.559993 0.00959484
017 0.563121 0.0111546
018 0.56253 0.0111052
019 0.564288 0.00972216
020 0.567377 0.0106717
021 0.574909 0.0108272
022 0.569408 0.00867898
023 0.566213 0.00762918
024 0.556605 0.0099043
025 0.566708 0.00784293
026 0.566236 0.0102693
027 0.565011 0.0121854
028 0.554549 0.00966535
029 0.56209 0.00849381
030 0.564214 0.00935989
031 0.569124 0.00764046
032 0.569529 0.0109506
033 0.568868 0.00841903
034 0.557818 0.00898028
035 0.563221 0.00765264
036 0.554543 0.00948921
037 0.573051 0.00797802
038 0.562844 0.00943407
039 0.555407 0.00884403
040 0.559371 0.00941558
041 0.562243 0.00729769
042 0.563505 0.00867818
043 0.566845 0.00812057
044 0.564909 0.00705156
045 0.564579 0.0076383
046 0.55982 0.00790347
047 0.575657 0.007097
048 0.565795 0.00750995
049 0.563934 0.00819653
050 0.562785 0.0110506
051 0.569733 0.00746313
052 0.570127 0.00724181
053 0.562296 0.0095038
054 0.566087 0.00769764
055 0.56684 0.00854508
056 0.571776 0.00753371
057 0.570287 0.00833567
058 0.569792 0.00908163
059 0.5621 0.00780238
060 0.559761 0.00791346
061 0.550247 0.00952401
062 0.571383 0.00872587
063 0.563092 0.00786633
064 0.555502 0.0111682
065 0.556687 0.0119441
066 0.561755 0.00878561
067 0.564175 0.0075862
068 0.563248 0.00775675
069 0.557541 0.00869221
070 0.568377 0.0074412
071 0.563355 0.00978431
072 0.551254 0.0103109
073 0.56308 0.0105604
074 0.554393 0.00906785
075 0.559128 0.009599
076 0.555356 0.00752234
077 0.5495 0.00901186
078 0.559964 0.00808591
079 0.554576 0.00917136
080 0.55776 0.00799702
081 0.5526 0.00768347
082 0.556076 0.0103487
083 0.560956 0.00897809
084 0.561352 0.00877942
085 0.545967 0.0116766
086 0.552066 0.0101774
087 0.563821 0.00725693
088 0.558834 0.00792248
089 0.563147 0.00717596
090 0.562362 0.00792777
091 0.55881 0.0078232
092 0.560538 0.00816727
093 0.559841 0.00687412
094 0.564941 0.00750428
095 0.549481 0.00974016
096 0.557386 0.00739862
097 0.5556 0.00774503
098 0.548574 0.00878533
099 0.571401 0.00740211
100 0.55989 0.0079278
101 0.562765 0.00638528
102 0.566941 0.00682044
103 0.56686 0.0069423
104 0.567137 0.00860133
105 0.577266 0.00770187
106 0.567922 0.00958592
107 0.564043 0.00661937
108 0.556565 0.00909478
109 0.574197 0.00631461
110 0.565485 0.00663588
111 0.554237 0.0101339
112 0.567037 0.00590943
113 0.570968 0.00640825
114 0.57041 0.0081802
115 0.570878 0.00635385
116 0.577026 0.00573477
117 0.566626 0.0079464
118 0.573262 0.00599239
119 0.565082 0.00673216
120 0.564709 0.00794096
121 0.561555 0.00934063
122 0.570621 0.006532
123 0.567708 0.00658448
124 0.563009 0.00532972
125 0.565092 0.00699372
126 0.56518 0.00740827
127 0.571783 0.00565194
128 0.564899 0.0082828
129 0.556835 0.00838092
130 0.559862 0.00734344
131 0.568375 0.00700442
132 0.57325 0.00576199
133 0.565159 0.00759928
134 0.567507 0.00546869
135 0.573744 0.00585317
136 0.576479 0.00508
137 0.559459 0.00758897
138 0.569638 0.00662233
139 0.578677 0.00451379
140 0.575938 0.00667844
141 0.573412 0.00672934
142 0.567963 0.0075677
143 0.568883 0.00611091
144 0.565939 0.00672612
145 0.562837 0.0060251
146 0.568561 0.00609344
147 0.559074 0.00684256
148 0.568422 0.00621163
149 0.565035 0.00602338
150 0.57011 0.00655731
151 0.56812 0.00627969
152 0.563061 0.0067128
153 0.567803 0.00617858
154 0.571632 0.00584021
155 0.573619 0.00593031
156 0.572041 0.00626751
157 0.571528 0.00643965
158 0.570099 0.00588365
159 0.563436 0.00891733
160 0.571903 0.0078918
161 0.562705 0.00833159
162 0.572151 0.00710058
163 0.561053 0.00725882
164 0.576314 0.00541124
165 0.55995 0.00838557
166 0.560686 0.0085015
167 0.561766 0.0100212
168 0.574452 0.00703358
169 0.578282 0.00565497
170 0.574686 0.00515626
171 0.567055 0.00769794
172 0.57511 0.00498673
173 0.569925 0.00582647
174 0.574012 0.00504263
175 0.560662 0.00776976
176 0.570161 0.00639722
177 0.569716 0.00495455
178 0.561686 0.00677607
179 0.573175 0.00639324
180 0.567347 0.00712316
181 0.57699 0.00475271
182 0.56646 0.00536062
183 0.564871 0.00574624
184 0.564694 0.00611358
185 0.567454 0.00494789
186 0.562725 0.00663848
187 0.563257 0.0072204
188 0.563158 0.00659067
189 0.574717 0.00464012
190 0.570179 0.00500147
191 0.561442 0.00695551
192 0.561143 0.00606638
193 0.562034 0.00798486
194 0.566526 0.0046916
195 0.572983 0.00666602
196 0.578163 0.00585713
197 0.574411 0.00600943
198 0.570601 0.00691529
199 0.567935 0.00738204
200 0.573429 0.00490525
201 0.570544 0.00519486
202 0.567343 0.00666937
203 0.574351 0.00475177
204 0.555336 0.00731014
205 0.56563 0.00601348
206 0.561561 0.00759652
207 0.57007 0.00582748
208 0.574249 0.00461513
209 0.576251 0.00440957
210 0.565959 0.00710971
211 0.565767 0.00661299
212 0.572235 0.00505963
213 0.569237 0.00509199
214 0.58024 0.00475734
215 0.57025 0.00565426
216 0.572044 0.00470468
217 0.571289 0.00705036
218 0.564771 0.00648484
219 0.576575 0.00592102
220 0.574881 0.00480524
221 0.566322 0.0055622
222 0.572468 0.00534033
223 0.577382 0.0045962
224 0.571632 0.00508531
225 0.578562 0.00382353
226 0.573405 0.00628308
227 0.564734 0.00683938
228 0.582102 0.00445979
229 0.563225 0.00705299
230 0.568566 0.00670364
231 0.571717 0.00484147
232 0.574571 0.00518574
233 0.573636 0.00482659
234 0.569237 0.00545524
235 0.5697 0.00670548
236 0.571024 0.00484692
237 0.56822 0.00503203
238 0.562832 0.00694721
239 0.562306 0.00695907
240 0.566768 0.00664695
241 0.567354 0.00586641
242 0.563125 0.00511842
243 0.566423 0.00534792
244 0.566697 0.00553158
245 0.56898 0.00524847
246 0.563534 0.00584389
247 0.566709 0.00558358
248 0.564546 0.0056859
249 0.557603 0.00607143
250 0.564953 0.00517139
251 0.561333 0.00683702
252 0.554888 0.00749246
253 0.561212 0.0062913
254 0.565679 0.00471652
255 0.562821 0.00505739
256 0.563014 0.00504862
257 0.564958 0.0065211
258 0.562737 0.00560369
259 0.566449 0.00522991
260 0.561576 0.00517478
261 0.562037 0.0054315
262 0.559327 0.00534487
263 0.561178 0.005051
264 0.566801 0.00505057
265 0.562269 0.00636841
266 0.558042 0.0053476
267 0.564835 0.00493079
268 0.568942 0.00529382
269 0.567481 0.00561865
270 0.563349 0.00436809
271 0.568673 0.00495995
272 0.565636 0.0041265
273 0.569414 0.00415231
274 0.564485 0.00481149
275 0.564615 0.00577976
276 0.56341 0.0054314
277 0.561556 0.00551015
278 0.564653 0.00468423
279 0.567952 0.00454621
280 0.562909 0.00460413
281 0.559096 0.00500864
282 0.566196 0.00533104
283 0.566905 0.00493917
284 0.565978 0.0056075
285 0.560051 0.00493957
286 0.568569 0.00499144
287 0.564216 0.0046953
288 0.562758 0.00589424
289 0.564083 0.00514115
290 0.561431 0.00589429
291 0.563096 0.00580431
292 0.560523 0.00559829
293 0.564015 0.00495575
294 0.558395 0.00587942
295 0.563241 0.00506024
296 0.558617 0.00555422
297 0.568667 0.00602721
298 0.565055 0.00507124
299 0.567959 0.00482503
