-39.130435 1.125812
-26.086957 1.138588
-13.043478 1.423168
0 2.331461
13.043478 3.225511
26.086957 3.721515
39.130435 3.982346
52.173913 4.135442
65.217391 4.220859
78.26087 4.27941
91.304348 4.312649
104.34783 4.334423
117.3913 4.351478
130.43478 4.367909
143.47826 4.3782
156.52174 4.389001
169.56522 4.397554
182.6087 4.403124
195.65217 4.412498
208.69565 4.420015
221.73913 4.431707
234.78261 4.438433
247.82609 4.446217
260.86957 4.446998
273.91304 4.454031
286.95652 4.460858
300 4.465065
313.04348 4.473339
326.08696 4.48042
339.13043 4.483646
352.17391 4.487775
365.21739 4.493322
378.26087 4.492838
391.30435 4.504741
404.34783 4.508706
417.3913 4.517426
430.43478 4.520023
443.47826 4.524891
456.52174 4.529474
469.56522 4.536562
482.6087 4.539635
495.65217 4.54548
508.69565 4.553416
521.73913 4.554422
534.78261 4.557398
547.82609 4.558814
560.86957 4.561653
573.91304 4.565071
586.95652 4.571358
600 4.57468
613.04348 4.578496
626.08696 4.582193
639.13043 4.589931
652.17391 4.589736
665.21739 4.592127
678.26087 4.595975
691.30435 4.594771
704.34783 4.597226
717.3913 4.604385
730.43478 4.60789
743.47826 4.606947
756.52174 4.614673
769.56522 4.61484
782.6087 4.622095
795.65217 4.626654
808.69565 4.627707
821.73913 4.631365
834.78261 4.633943
847.82609 4.636262
860.86957 4.63644
873.91304 4.639861
886.95652 4.642725
900 4.644496
913.04348 4.650572
926.08696 4.64941
939.13043 4.652835
952.17391 4.660526
965.21739 4.658346
978.26087 4.66427
991.30435 4.667376
1004.3478 4.669015
1017.3913 4.670852
1030.4348 4.67467
1043.4783 4.675695
1056.5217 4.677487
1069.5652 4.680889
1082.6087 4.684705
1095.6522 4.688861
1108.6957 4.68775
1121.7391 4.692404
1134.7826 4.694203
1147.8261 4.697174
1160.8696 4.699746
1173.913 4.701151
1186.9565 4.702817
1200 4.701735
1213.0435 4.708726
1226.087 4.706573
1239.1304 4.710812
1252.1739 4.712321
1265.2174 4.716134
1278.2609 4.716558
1291.3043 4.721492
1304.3478 4.721069
1317.3913 4.719276
1330.4348 4.718651
1343.4783 4.724397
1356.5217 4.723801
1369.5652 4.728228
1382.6087 4.726756
1395.6522 4.730757
1408.6957 4.731308
1421.7391 4.733662
1434.7826 4.736824
1447.8261 4.740116
1460.8696 4.737055
1473.913 4.738694
1486.9565 4.739251
1500 4.739444
1513.0435 4.745305
1526.087 4.746858
1539.1304 4.744894
1552.1739 4.746303
1565.2174 4.746166
1578.2609 4.748822
1591.3043 4.754152
1604.3478 4.752258
1617.3913 4.751626
1630.4348 4.75178
1643.4783 4.751988
1656.5217 4.754827
1669.5652 4.756054
1682.6087 4.760674
1695.6522 4.759049
1708.6957 4.761033
1721.7391 4.763033
1734.7826 4.766018
1747.8261 4.763341
1760.8696 4.763901
1773.913 4.760999
1786.9565 4.762102
1800 4.762064
1813.0435 4.764065
1826.087 4.76688
1839.1304 4.765595
1852.1739 4.764122
1865.2174 4.771645
1878.2609 4.77072
1891.3043 4.769637
1904.3478 4.774052
1917.3913 4.77035
1930.4348 4.774132
1943.4783 4.772183
1956.5217 4.775419
1969.5652 4.77444
1982.6087 4.781223
1995.6522 4.776446
2008.6957 4.777984
2021.7391 4.772086
2034.7826 4.779699
2047.8261 4.789912
2060.8696 4.784837
2073.913 4.783086
2086.9565 4.787005
2100 4.785638
2113.0435 4.788756
2126.087 4.787276
2139.1304 4.790375
2152.1739 4.790534
2165.2174 4.789126
2178.2609 4.791301
2191.3043 4.794071
2204.3478 4.789499
2217.3913 4.793326
2230.4348 4.79668
2243.4783 4.796978
2256.5217 4.794919
2269.5652 4.798415
2282.6087 4.799657
2295.6522 4.801723
2308.6957 4.80072
2321.7391 4.800603
2334.7826 4.801042
2347.8261 4.801973
2360.8696 4.802746
2373.913 4.81028
2386.9565 4.809759
2400 4.808891
2413.0435 4.810354
2426.087 4.810263
2439.1304 4.812397
2452.1739 4.817622
2465.2174 4.810253
2478.2609 4.815459
2491.3043 4.816778
2504.3478 4.819375
2517.3913 4.815842
2530.4348 4.821338
2543.4783 4.821426
2556.5217 4.825671
2569.5652 4.824023
2582.6087 4.831524
2595.6522 4.826203
2608.6957 4.828076
2621.7391 4.82752
2634.7826 4.826704
2647.8261 4.831542
2660.8696 4.832941
2673.913 4.83256
2686.9565 4.831371
2700 4.828038
2713.0435 4.836274
2726.087 4.839106
2739.1304 4.837994
2752.1739 4.834514
2765.2174 4.840953
2778.2609 4.838903
2791.3043 4.841408
2804.3478 4.836385
2817.3913 4.838064
2830.4348 4.839213
2843.4783 4.84328
2856.5217 4.84045
2869.5652 4.836881
2882.6087 4.846405
2895.6522 4.839311
2908.6957 4.841899
2921.7391 4.844699
2934.7826 4.843924
2947.8261 4.843392
2960.8696 4.843853
2973.913 4.843059
2986.9565 4.849405
3000 4.846949
3013.0435 4.845877
3026.087 4.847304
3039.1304 4.848163
3052.1739 4.846196
3065.2174 4.850498
3078.2609 4.849354
3091.3043 4.850268
3104.3478 4.850326
3117.3913 4.85045
3130.4348 4.856682
3143.4783 4.855789
3156.5217 4.857308
3169.5652 4.856556
3182.6087 4.854212
3195.6522 4.854999
3208.6957 4.852709
3221.7391 4.855364
3234.7826 4.86147
3247.8261 4.858655
3260.8696 4.857177
3273.913 4.85941
3286.9565 4.860837
3300 4.863433
3313.0435 4.860898
3326.087 4.861434
3339.1304 4.864524
3352.1739 4.865601
3365.2174 4.862146
3378.2609 4.866175
3391.3043 4.866139
3404.3478 4.865517
3417.3913 4.868664
3430.4348 4.86919
3443.4783 4.864036
3456.5217 4.867167
3469.5652 4.868468
3482.6087 4.865357
3495.6522 4.870885
3508.6957 4.867752
3521.7391 4.868837
3534.7826 4.869982
3547.8261 4.867184
3560.8696 4.869339
3573.913 4.87307
3586.9565 4.866959
3600 4.873221
3613.0435 4.872768
3626.087 4.86745
3639.1304 4.873499
3652.1739 4.874308
3665.2174 4.872175
3678.2609 4.875535
3691.3043 4.878598
3704.3478 4.878898
3717.3913 4.875514
3730.4348 4.872523
3743.4783 4.871403
3756.5217 4.877771
3769.5652 4.87465
3782.6087 4.875825
3795.6522 4.875497
3808.6957 4.877612
3821.7391 4.881893
3834.7826 4.878453
3847.8261 4.879434
3860.8696 4.883554
3873.913 4.883527
3886.9565 4.88005
3900 4.886142
3913.0435 4.887029
3926.087 4.883042
3939.1304 4.880535
3952.1739 4.883815
3965.2174 4.884406
3978.2609 4.887625
3991.3043 4.8851
4004.3478 4.885235
4017.3913 4.886332
4030.4348 4.886266
4043.4783 4.886767
4056.5217 4.887811
4069.5652 4.886064
4082.6087 4.884146
4095.6522 4.88711
4108.6957 4.884486
4121.7391 4.885361
4134.7826 4.88402
4147.8261 4.887423
4160.8696 4.889476
4173.913 4.893759
4186.9565 4.890863
4200 4.887135
4213.0435 4.893175
4226.087 4.89582
4239.1304 4.891525
4252.1739 4.889385
4265.2174 4.898978
4278.2609 4.892068
4291.3043 4.89376
4304.3478 4.895253
4317.3913 4.8952
4330.4348 4.896017
4343.4783 4.898563
4356.5217 4.89912
4369.5652 4.895948
4382.6087 4.898549
4395.6522 4.898641
4408.6957 4.893974
4421.7391 4.900249
4434.7826 4.897741
4447.8261 4.900446
4460.8696 4.898298
4473.913 4.899161
4486.9565 4.897618
4500 4.898236
4513.0435 4.898064
4526.087 4.89772
4539.1304 4.897725
4552.1739 4.90113
4565.2174 4.899795
4578.2609 4.894903
4591.3043 4.898643
4604.3478 4.901336
4617.3913 4.894585
4630.4348 4.896775
4643.4783 4.899678
4656.5217 4.902858
4669.5652 4.902653
4682.6087 4.899806
4695.6522 4.902344
4708.6957 4.904076
4721.7391 4.903389
4734.7826 4.899387
4747.8261 4.907159
4760.8696 4.903508
4773.913 4.907321
4786.9565 4.907201
4800 4.91002
4813.0435 4.905011
4826.087 4.90316
4839.1304 4.908796
4852.1739 4.905193
4865.2174 4.904704
4878.2609 4.905738
4891.3043 4.907673
4904.3478 4.908071
4917.3913 4.907337
4930.4348 4.908443
4943.4783 4.909913
4956.5217 4.910631
4969.5652 4.908336
4982.6087 4.905087
4995.6522 4.910426
5008.6957 4.911049
5021.7391 4.908233
5034.7826 4.90796
5047.8261 4.902831
5060.8696 4.905861
5073.913 4.911619
5086.9565 4.913735
5100 4.911015
5113.0435 4.914955
5126.087 4.910236
5139.1304 4.912686
5152.1739 4.910036
5165.2174 4.918476
5178.2609 4.918044
5191.3043 4.914365
5204.3478 4.914182
5217.3913 4.916697
5230.4348 4.915865
5243.4783 4.916419
5256.5217 4.917254
5269.5652 4.920459
5282.6087 4.923835
5295.6522 4.924772
5308.6957 4.92531
5321.7391 4.926104
5334.7826 4.92188
5347.8261 4.919025
5360.8696 4.926274
5373.913 4.923572
5386.9565 4.922628
5400 4.924345
5413.0435 4.92618
5426.087 4.925654
5439.1304 4.925103
5452.1739 4.924558
5465.2174 4.926662
5478.2609 4.928655
5491.3043 4.924721
5504.3478 4.930945
5517.3913 4.92851
5530.4348 4.926244
5543.4783 4.933158
5556.5217 4.931524
5569.5652 4.929302
5582.6087 4.929283
5595.6522 4.930382
5608.6957 4.935959
5621.7391 4.93294
5634.7826 4.93047
5647.8261 4.933524
5660.8696 4.935299
5673.913 4.934378
5686.9565 4.934305
5700 4.933036
5713.0435 4.93214
5726.087 4.93563
5739.1304 4.937352
5752.1739 4.933018
5765.2174 4.936972
5778.2609 4.936132
5791.3043 4.939878
5804.3478 4.935241
5817.3913 4.941276
5830.4348 4.939339
5843.4783 4.942255
5856.5217 4.939822
5869.5652 4.937918
5882.6087 4.936051
5895.6522 4.939128
5908.6957 4.938571
5921.7391 4.939099
5934.7826 4.937236
5947.8261 4.938783
5960.8696 4.938496
5973.913 4.938481
5986.9565 4.939993
6000 4.940946
6013.0435 4.94304
6026.087 4.944295
6039.1304 4.941593
6052.1739 4.943502
6065.2174 4.940011
6078.2609 4.943713
6091.3043 4.945452
6104.3478 4.941912
6117.3913 4.945919
6130.4348 4.945403
6143.4783 4.945141
6156.5217 4.947566
6169.5652 4.94725
6182.6087 4.947501
6195.6522 4.946124
6208.6957 4.948176
6221.7391 4.947181
6234.7826 4.945488
6247.8261 4.948101
6260.8696 4.949168
6273.913 4.947854
6286.9565 4.948709
6300 4.948217
6313.0435 4.945411
6326.087 4.949207
6339.1304 4.948459
6352.1739 4.94842
6365.2174 4.949314
6378.2609 4.951924
6391.3043 4.951242
6404.3478 4.950093
6417.3913 4.950357
6430.4348 4.954413
6443.4783 4.95233
6456.5217 4.951385
6469.5652 4.952319
6482.6087 4.950941
6495.6522 4.952849
6508.6957 4.952435
6521.7391 4.952206
6534.7826 4.956383
6547.8261 4.956415
6560.8696 4.954846
6573.913 4.952534
6586.9565 4.954482
6600 4.94997
6613.0435 4.952945
6626.087 4.952428
6639.1304 4.95294
6652.1739 4.955119
6665.2174 4.959274
6678.2609 4.955308
6691.3043 4.953757
6704.3478 4.952737
6717.3913 4.95438
6730.4348 4.95675
6743.4783 4.957282
6756.5217 4.96017
6769.5652 4.957248
6782.6087 4.957176
6795.6522 4.957094
6808.6957 4.954432
6821.7391 4.951448
6834.7826 4.956497
6847.8261 4.959299
6860.8696 4.962242
6873.913 4.959828
6886.9565 4.959358
6900 4.96194
6913.0435 4.960407
6926.087 4.958841
6939.1304 4.960675
6952.1739 4.965333
6965.2174 4.959991
6978.2609 4.960286
6991.3043 4.963863
7004.3478 4.961704
7017.3913 4.966553
7030.4348 4.963227
7043.4783 4.967226
7056.5217 4.967885
7069.5652 4.966757
7082.6087 4.961428
7095.6522 4.961852
7108.6957 4.96511
7121.7391 4.967045
7134.7826 4.967485
7147.8261 4.961396
7160.8696 4.965976
7173.913 4.965839
7186.9565 4.965921
7200 4.966567
7213.0435 4.966318
7226.087 4.968027
7239.1304 4.970808
7252.1739 4.968284
7265.2174 4.967171
7278.2609 4.966765
7291.3043 4.96836
7304.3478 4.968425
7317.3913 4.964195
7330.4348 4.968771
7343.4783 4.970613
7356.5217 4.969765
7369.5652 4.967831
7382.6087 4.97055
7395.6522 4.970952
7408.6957 4.971224
7421.7391 4.973485
7434.7826 4.97626
7447.8261 4.97007
7460.8696 4.971041
7473.913 4.971641
7486.9565 4.971638
7500 4.973291
7513.0435 4.972047
7526.087 4.974087
7539.1304 4.974158
7552.1739 4.973702
7565.2174 4.973555
7578.2609 4.974895
7591.3043 4.972906
7604.3478 4.977992
7617.3913 4.971968
7630.4348 4.974413
7643.4783 4.973629
7656.5217 4.971517
7669.5652 4.974431
7682.6087 4.975345
7695.6522 4.977346
7708.6957 4.972978
7721.7391 4.978119
7734.7826 4.976342
7747.8261 4.972773
7760.8696 4.978586
7773.913 4.977207
7786.9565 4.974038
7800 4.971394
7813.0435 4.974822
7826.087 4.974037
7839.1304 4.975959
7852.1739 4.976209
7865.2174 4.974571
7878.2609 4.977138
7891.3043 4.972978
7904.3478 4.97582
7917.3913 4.974321
7930.4348 4.974699
7943.4783 4.979464
7956.5217 4.974957
7969.5652 4.97788
7982.6087 4.978949
7995.6522 4.976889
8008.6957 4.980342
8021.7391 4.98041
8034.7826 4.979155
8047.8261 4.978366
8060.8696 4.978377
8073.913 4.981607
8086.9565 4.981331
8100 4.978889
8113.0435 4.977917
8126.087 4.983185
8139.1304 4.979102
8152.1739 4.981815
8165.2174 4.986425
8178.2609 4.985564
8191.3043 4.985232
8204.3478 4.985691
8217.3913 4.988212
8230.4348 4.985101
8243.4783 4.986031
8256.5217 4.984776
8269.5652 4.983314
8282.6087 4.982601
8295.6522 4.983854
8308.6957 4.98188
8321.7391 4.980821
8334.7826 4.986166
8347.8261 4.983454
8360.8696 4.984126
8373.913 4.988935
8386.9565 4.982937
8400 4.984464
8413.0435 4.986369
8426.087 4.985969
8439.1304 4.98709
8452.1739 4.984849
8465.2174 4.990846
8478.2609 4.986829
8491.3043 4.987683
8504.3478 4.985641
8517.3913 4.985577
8530.4348 4.984976
8543.4783 4.988406
8556.5217 4.98551
8569.5652 4.992294
8582.6087 4.991439
8595.6522 4.988603
8608.6957 4.988994
8621.7391 4.990911
8634.7826 4.987351
8647.8261 4.992367
8660.8696 4.991901
8673.913 4.99006
8686.9565 4.994206
8700 4.991966
8713.0435 4.990129
8726.087 4.993352
8739.1304 4.991043
8752.1739 4.994802
8765.2174 4.994208
8778.2609 4.987631
8791.3043 4.996974
8804.3478 4.990526
8817.3913 4.988808
8830.4348 4.994868
8843.4783 4.993746
8856.5217 4.989468
8869.5652 4.994798
8882.6087 4.989664
8895.6522 4.990264
8908.6957 4.991645
8921.7391 4.990655
8934.7826 4.992304
8947.8261 4.99408
8960.8696 4.991116
8973.913 4.991189
8986.9565 4.989737
9000 4.987899
9013.0435 4.990854
9026.087 4.992958
9039.1304 4.992633
9052.1739 4.993752
9065.2174 4.992169
9078.2609 4.99231
9091.3043 4.993359
9104.3478 4.995328
9117.3913 4.998094
9130.4348 4.996843
9143.4783 4.993355
9156.5217 4.995857
9169.5652 4.997633
9182.6087 4.998948
9195.6522 4.996909
9208.6957 4.998752
9221.7391 4.998948
9234.7826 4.999278
9247.8261 4.999474
9260.8696 4.999343
9273.913 5.000789
9286.9565 5.003286
9300 5.004139
9313.0435 4.99908
9326.087 4.997436
9339.1304 5.001183
9352.1739 4.998882
9365.2174 5.004929
9378.2609 4.996648
9391.3043 4.999211
9404.3478 5.004469
9417.3913 5.00368
9430.4348 5.003089
9443.4783 5.006306
9456.5217 5.008012
9469.5652 5.005255
9482.6087 5.003088
9495.6522 5.007095
9508.6957 4.999869
9521.7391 5.005645
9534.7826 5.006702
9547.8261 5.00243
9560.8696 5.002952
9573.913 4.998029
9586.9565 5.001904
9600 5.002626
9613.0435 5.003545
9626.087 5.004401
9639.1304 5.004859
9652.1739 5.001838
9665.2174 5.006168
9678.2609 5.004462
9691.3043 5.008992
9704.3478 5.006231
9717.3913 5.003084
9730.4348 5.008199
9743.4783 5.0042
9756.5217 5.005972
9769.5652 5.006103
9782.6087 5.004919
9795.6522 5.006231
9808.6957 5.008526
9821.7391 5.005442
9834.7826 5.009644
9847.8261 5.012526
9860.8696 5.010097
9873.913 5.00793
9886.9565 5.006228
9900 5.007605
9913.0435 5.008848
9926.087 5.010223
9939.1304 5.008198
9952.1739 5.01115
9965.2174 5.009834
9978.2609 5.007283
9991.3043 5.008523
10004.348 5.011602
10017.391 5.010224
10030.435 5.014684
10043.478 5.014154
10056.522 5.007799
10069.565 5.008585
10082.609 5.011008
10095.652 5.010554
10108.696 5.006426
10121.739 5.011993
10134.783 5.013178
10147.826 5.010811
10160.87 5.012648
10173.913 5.008585
10186.957 5.006291
10200 5.011597
10213.043 5.012846
10226.087 5.009565
10239.13 5.012516
10252.174 5.013046
10265.217 5.008652
10278.261 5.011272
10291.304 5.012121
10304.348 5.012242
10317.391 5.013031
10330.435 5.009173
10343.478 5.010155
10356.522 5.012243
10369.565 5.014933
10382.609 5.009695
10395.652 5.011915
10408.696 5.010024
10421.739 5.013745
10434.783 5.015183
10447.826 5.013219

